# Impedance of C10-36 
# Measurement for h=8
# Author: G. Favia 
# Freq [Hz]		Re(Z) [Ohm]		Im(Z) [Ohm]
0.000000000000000000e+00 1.296099999999999909e+03 -0.000000000000000000e+00
6.250000000000000000e+04 1.193859999999999957e+02 3.257200000000000273e+02
1.250000000000000000e+05 5.025000000000000000e+01 1.665159999999999911e+02
1.875000000000000000e+05 3.471000000000000085e+01 1.057939999999999969e+02
2.500000000000000000e+05 2.679799999999999827e+01 7.300799999999999557e+01
3.125000000000000000e+05 2.015399999999999991e+01 5.197599999999999909e+01
3.750000000000000000e+05 1.293640000000000079e+01 3.739399999999999835e+01
4.375000000000000000e+05 4.324399999999999800e+00 2.750199999999999889e+01
5.000000000000000000e+05 -5.870000000000000107e+00 2.232199999999999918e+01
5.625000000000000000e+05 -1.662859999999999872e+01 2.291799999999999926e+01
6.250000000000000000e+05 -2.482199999999999918e+01 2.989000000000000057e+01
6.875000000000000000e+05 -2.632000000000000028e+01 4.046999999999999886e+01
7.500000000000000000e+05 -2.077199999999999847e+01 4.851400000000000290e+01
8.125000000000000000e+05 -1.304199999999999982e+01 5.035999999999999943e+01
8.750000000000000000e+05 -7.879400000000000404e+00 4.743800000000000239e+01
9.375000000000000000e+05 -6.934800000000000075e+00 4.293200000000000216e+01
1.000000000000000000e+06 -9.864000000000000767e+00 3.940400000000000347e+01
1.062500000000000000e+06 -1.547600000000000087e+01 3.862400000000000233e+01
1.125000000000000000e+06 -2.190800000000000125e+01 4.166599999999999682e+01
1.187500000000000000e+06 -2.669200000000000017e+01 4.839999999999999858e+01
1.250000000000000000e+06 -2.780399999999999849e+01 5.680599999999999739e+01
1.312500000000000000e+06 -2.538400000000000034e+01 6.378399999999999892e+01
1.375000000000000000e+06 -2.185000000000000142e+01 6.744599999999999795e+01
1.437500000000000000e+06 -1.995179999999999865e+01 6.823600000000000421e+01
1.500000000000000000e+06 -2.124599999999999866e+01 6.801800000000000068e+01
1.562500000000000000e+06 -2.595400000000000063e+01 6.895799999999999841e+01
1.625000000000000000e+06 -3.321999999999999886e+01 7.304399999999999693e+01
1.687500000000000000e+06 -4.110600000000000165e+01 8.170799999999999841e+01
1.750000000000000000e+06 -4.674000000000000199e+01 9.498199999999999932e+01
1.812500000000000000e+06 -4.762800000000000011e+01 1.105939999999999941e+02
1.875000000000000000e+06 -4.382999999999999829e+01 1.248419999999999987e+02
1.937500000000000000e+06 -3.826599999999999824e+01 1.354300000000000068e+02
2.000000000000000000e+06 -3.432999999999999829e+01 1.430200000000000102e+02
2.062500000000000000e+06 -3.380199999999999960e+01 1.501500000000000057e+02
2.125000000000000000e+06 -3.659599999999999653e+01 1.596620000000000061e+02
2.187500000000000000e+06 -4.118599999999999994e+01 1.739079999999999870e+02
2.250000000000000000e+06 -4.486999999999999744e+01 1.942700000000000102e+02
2.312500000000000000e+06 -4.420199999999999818e+01 2.204000000000000057e+02
2.375000000000000000e+06 -3.636399999999999721e+01 2.495200000000000102e+02
2.437500000000000000e+06 -2.125600000000000023e+01 2.774399999999999977e+02
2.500000000000000000e+06 -1.972259999999999902e+00 3.013000000000000114e+02
2.562500000000000000e+06 1.758200000000000074e+01 3.217599999999999909e+02
2.625000000000000000e+06 3.557000000000000028e+01 3.421200000000000045e+02
2.687500000000000000e+06 5.317799999999999727e+01 3.660400000000000205e+02
2.750000000000000000e+06 7.404600000000000648e+01 3.956800000000000068e+02
2.812500000000000000e+06 1.031140000000000043e+02 4.304800000000000182e+02
2.875000000000000000e+06 1.446659999999999968e+02 4.663000000000000114e+02
2.937500000000000000e+06 1.995140000000000100e+02 4.963799999999999955e+02
3.000000000000000000e+06 2.634399999999999977e+02 5.147400000000000091e+02
3.062500000000000000e+06 3.295799999999999841e+02 5.202400000000000091e+02
3.125000000000000000e+06 3.932599999999999909e+02 5.164600000000000364e+02
3.187500000000000000e+06 4.543600000000000136e+02 5.082200000000000273e+02
3.250000000000000000e+06 5.162400000000000091e+02 4.979200000000000159e+02
3.312500000000000000e+06 5.832599999999999909e+02 4.841999999999999886e+02
3.375000000000000000e+06 6.579199999999999591e+02 4.618799999999999955e+02
3.437500000000000000e+06 7.382799999999999727e+02 4.236200000000000045e+02
3.500000000000000000e+06 8.164400000000000546e+02 3.640600000000000023e+02
3.562500000000000000e+06 8.815800000000000409e+02 2.845600000000000023e+02
3.625000000000000000e+06 9.266599999999999682e+02 1.937760000000000105e+02
3.687500000000000000e+06 9.525399999999999636e+02 1.015300000000000011e+02
3.750000000000000000e+06 9.652200000000000273e+02 1.269100000000000072e+01
3.812500000000000000e+06 9.702000000000000455e+02 -7.381799999999999784e+01
3.875000000000000000e+06 9.688799999999999955e+02 -1.622299999999999898e+02
3.937500000000000000e+06 9.578999999999999773e+02 -2.563399999999999750e+02
4.000000000000000000e+06 9.301599999999999682e+02 -3.560199999999999818e+02
4.062500000000000000e+06 8.785800000000000409e+02 -4.548000000000000114e+02
4.125000000000000000e+06 8.014800000000000182e+02 -5.404199999999999591e+02
4.187500000000000000e+06 7.065399999999999636e+02 -6.010000000000000000e+02
4.250000000000000000e+06 6.076599999999999682e+02 -6.322000000000000455e+02
4.312500000000000000e+06 5.172799999999999727e+02 -6.390199999999999818e+02
4.375000000000000000e+06 4.412200000000000273e+02 -6.310800000000000409e+02
4.437500000000000000e+06 3.789399999999999977e+02 -6.171399999999999864e+02
4.500000000000000000e+06 3.265400000000000205e+02 -6.023799999999999955e+02
4.562500000000000000e+06 2.795600000000000023e+02 -5.882999999999999545e+02
4.625000000000000000e+06 2.350000000000000000e+02 -5.736599999999999682e+02
4.687500000000000000e+06 1.922299999999999898e+02 -5.562799999999999727e+02
4.750000000000000000e+06 1.528000000000000114e+02 -5.347599999999999909e+02
4.812500000000000000e+06 1.188520000000000039e+02 -5.097799999999999727e+02
4.875000000000000000e+06 9.149599999999999511e+01 -4.835600000000000023e+02
4.937500000000000000e+06 7.017000000000000171e+01 -4.584800000000000182e+02
5.000000000000000000e+06 5.314000000000000057e+01 -4.361000000000000227e+02
5.062500000000000000e+06 3.836999999999999744e+01 -4.166999999999999886e+02
5.125000000000000000e+06 2.426800000000000068e+01 -3.994800000000000182e+02
5.187500000000000000e+06 1.015000000000000036e+01 -3.830799999999999841e+02
5.250000000000000000e+06 -3.640600000000000058e+00 -3.662200000000000273e+02
5.312500000000000000e+06 -1.606019999999999825e+01 -3.483199999999999932e+02
5.375000000000000000e+06 -2.604799999999999827e+01 -3.297200000000000273e+02
5.437500000000000000e+06 -3.312800000000000011e+01 -3.113999999999999773e+02
5.500000000000000000e+06 -3.753399999999999892e+01 -2.942799999999999727e+02
5.562500000000000000e+06 -3.992399999999999949e+01 -2.789399999999999977e+02
5.625000000000000000e+06 -4.099799999999999756e+01 -2.654599999999999795e+02
5.687500000000000000e+06 -4.125999999999999801e+01 -2.536399999999999864e+02
5.750000000000000000e+06 -4.096399999999999864e+01 -2.432199999999999989e+02
5.812500000000000000e+06 -4.020799999999999841e+01 -2.340000000000000000e+02
5.875000000000000000e+06 -3.906600000000000250e+01 -2.259399999999999977e+02
5.937500000000000000e+06 -3.768599999999999994e+01 -2.189399999999999977e+02
6.000000000000000000e+06 -3.628199999999999648e+01 -2.129199999999999875e+02
6.062500000000000000e+06 -3.503199999999999648e+01 -2.075800000000000125e+02
6.125000000000000000e+06 -3.393800000000000239e+01 -2.025399999999999920e+02
6.187500000000000000e+06 -3.274600000000000222e+01 -1.974579999999999984e+02
6.250000000000000000e+06 -3.098000000000000043e+01 -1.922319999999999993e+02
6.312500000000000000e+06 -2.816199999999999903e+01 -1.871279999999999859e+02
6.375000000000000000e+06 -2.407400000000000162e+01 -1.827319999999999993e+02
6.437500000000000000e+06 -1.891959999999999908e+01 -1.797179999999999893e+02
6.500000000000000000e+06 -1.328079999999999927e+01 -1.785600000000000023e+02
6.562500000000000000e+06 -7.915600000000000414e+00 -1.793839999999999861e+02
6.625000000000000000e+06 -3.557199999999999918e+00 -1.819639999999999986e+02
6.687500000000000000e+06 -7.670400000000000551e-01 -1.857920000000000016e+02
6.750000000000000000e+06 1.642019999999999869e-01 -1.901860000000000070e+02
6.812500000000000000e+06 -7.192600000000000104e-01 -1.944319999999999879e+02
6.875000000000000000e+06 -3.056999999999999940e+00 -1.979859999999999900e+02
6.937500000000000000e+06 -6.334399999999999586e+00 -2.006399999999999864e+02
7.000000000000000000e+06 -1.015620000000000012e+01 -2.025200000000000102e+02
7.062500000000000000e+06 -1.446000000000000085e+01 -2.039600000000000080e+02
7.125000000000000000e+06 -1.951079999999999970e+01 -2.050399999999999920e+02
7.187500000000000000e+06 -2.567399999999999949e+01 -2.055600000000000023e+02
7.250000000000000000e+06 -3.309599999999999653e+01 -2.049000000000000057e+02
7.312500000000000000e+06 -4.143599999999999994e+01 -2.023199999999999932e+02
7.375000000000000000e+06 -4.982000000000000028e+01 -1.972800000000000011e+02
7.437500000000000000e+06 -5.709599999999999653e+01 -1.899300000000000068e+02
7.500000000000000000e+06 -6.233800000000000097e+01 -1.810840000000000032e+02
7.562500000000000000e+06 -6.528000000000000114e+01 -1.719600000000000080e+02
7.625000000000000000e+06 -6.639400000000000546e+01 -1.636620000000000061e+02
7.687500000000000000e+06 -6.663599999999999568e+01 -1.567659999999999911e+02
7.750000000000000000e+06 -6.704600000000000648e+01 -1.511860000000000070e+02
7.812500000000000000e+06 -6.837199999999999989e+01 -1.462560000000000002e+02
7.875000000000000000e+06 -7.078600000000000136e+01 -1.409739999999999895e+02
7.937500000000000000e+06 -7.373399999999999466e+01 -1.344079999999999870e+02
8.000000000000000000e+06 -7.610200000000000387e+01 -1.262000000000000028e+02
8.062500000000000000e+06 -7.673999999999999488e+01 -1.168520000000000039e+02
8.125000000000000000e+06 -7.509199999999999875e+01 -1.075199999999999960e+02
8.187500000000000000e+06 -7.145799999999999841e+01 -9.940999999999999659e+01
8.250000000000000000e+06 -6.671399999999999864e+01 -9.323199999999999932e+01
8.312500000000000000e+06 -6.185799999999999699e+01 -8.906399999999999295e+01
8.375000000000000000e+06 -5.765999999999999659e+01 -8.648399999999999466e+01
8.437500000000000000e+06 -5.449000000000000199e+01 -8.481000000000000227e+01
8.500000000000000000e+06 -5.228199999999999648e+01 -8.334799999999999898e+01
8.562500000000000000e+06 -5.059799999999999898e+01 -8.163200000000000500e+01
8.625000000000000000e+06 -4.884599999999999653e+01 -7.960200000000000387e+01
8.687500000000000000e+06 -4.660199999999999676e+01 -7.760999999999999943e+01
8.750000000000000000e+06 -4.381199999999999761e+01 -7.618399999999999750e+01
8.812500000000000000e+06 -4.081199999999999761e+01 -7.573999999999999488e+01
8.875000000000000000e+06 -3.813600000000000279e+01 -7.637800000000000011e+01
8.937500000000000000e+06 -3.628999999999999915e+01 -7.785200000000000387e+01
9.000000000000000000e+06 -3.557399999999999807e+01 -7.963599999999999568e+01
9.062500000000000000e+06 -3.593399999999999750e+01 -8.109199999999999875e+01
9.125000000000000000e+06 -3.693599999999999994e+01 -8.171200000000000330e+01
9.187500000000000000e+06 -3.791599999999999682e+01 -8.135399999999999920e+01
9.250000000000000000e+06 -3.829399999999999693e+01 -8.032599999999999341e+01
9.312500000000000000e+06 -3.785000000000000142e+01 -7.919599999999999795e+01
9.375000000000000000e+06 -3.677199999999999847e+01 -7.848199999999999932e+01
9.437500000000000000e+06 -3.548799999999999955e+01 -7.844799999999999329e+01
9.500000000000000000e+06 -3.447200000000000131e+01 -7.903600000000000136e+01
9.562500000000000000e+06 -3.406000000000000227e+01 -7.993999999999999773e+01
9.625000000000000000e+06 -3.434599999999999653e+01 -8.071200000000000330e+01
9.687500000000000000e+06 -3.513799999999999812e+01 -8.092799999999999727e+01
9.750000000000000000e+06 -3.602400000000000091e+01 -8.037999999999999545e+01
9.812500000000000000e+06 -3.656199999999999761e+01 -7.917199999999999704e+01
9.875000000000000000e+06 -3.649799999999999756e+01 -7.764600000000000080e+01
9.937500000000000000e+06 -3.586599999999999966e+01 -7.619799999999999329e+01
1.000000000000000000e+07 -3.490999999999999659e+01 -7.506799999999999784e+01
1.006300000000000000e+07 -3.392799999999999727e+01 -7.428600000000000136e+01
1.012500000000000000e+07 -3.312800000000000011e+01 -7.370999999999999375e+01
1.018800000000000000e+07 -3.255599999999999739e+01 -7.313200000000000500e+01
1.025000000000000000e+07 -3.210999999999999943e+01 -7.240999999999999659e+01
1.031300000000000000e+07 -3.162800000000000011e+01 -7.153400000000000603e+01
1.037500000000000000e+07 -3.101000000000000156e+01 -7.064400000000000546e+01
1.043800000000000000e+07 -3.031400000000000006e+01 -6.992199999999999704e+01
1.050000000000000000e+07 -2.973400000000000176e+01 -6.945999999999999375e+01
1.056300000000000000e+07 -2.951000000000000156e+01 -6.918399999999999750e+01
1.062500000000000000e+07 -2.980000000000000071e+01 -6.884999999999999432e+01
1.068800000000000000e+07 -3.056800000000000139e+01 -6.811400000000000432e+01
1.075000000000000000e+07 -3.153000000000000114e+01 -6.668600000000000705e+01
1.081300000000000000e+07 -3.221399999999999864e+01 -6.450400000000000489e+01
1.087500000000000000e+07 -3.216799999999999926e+01 -6.185000000000000142e+01
1.093800000000000000e+07 -3.120599999999999952e+01 -5.926400000000000290e+01
1.100000000000000000e+07 -2.951800000000000068e+01 -5.728199999999999648e+01
1.106300000000000000e+07 -2.755999999999999872e+01 -5.620199999999999818e+01
1.112500000000000000e+07 -2.583200000000000074e+01 -5.601400000000000290e+01
1.118800000000000000e+07 -2.471600000000000108e+01 -5.644800000000000040e+01
1.125000000000000000e+07 -2.438400000000000034e+01 -5.710600000000000165e+01
1.131300000000000000e+07 -2.477599999999999980e+01 -5.757000000000000028e+01
1.137500000000000000e+07 -2.560999999999999943e+01 -5.751800000000000068e+01
1.143800000000000000e+07 -2.646399999999999864e+01 -5.685000000000000142e+01
1.150000000000000000e+07 -2.693799999999999883e+01 -5.574199999999999733e+01
1.156300000000000000e+07 -2.684600000000000009e+01 -5.458200000000000074e+01
1.162500000000000000e+07 -2.629200000000000159e+01 -5.376599999999999824e+01
1.168800000000000000e+07 -2.560800000000000054e+01 -5.350399999999999778e+01
1.175000000000000000e+07 -2.515200000000000102e+01 -5.373599999999999710e+01
1.181300000000000000e+07 -2.514199999999999946e+01 -5.418999999999999773e+01
1.187500000000000000e+07 -2.557400000000000162e+01 -5.453199999999999648e+01
1.193800000000000000e+07 -2.623400000000000176e+01 -5.451599999999999824e+01
1.200000000000000000e+07 -2.681200000000000117e+01 -5.408400000000000318e+01
1.206300000000000000e+07 -2.704599999999999937e+01 -5.338600000000000279e+01
1.212500000000000000e+07 -2.682400000000000162e+01 -5.269400000000000261e+01
1.218800000000000000e+07 -2.623999999999999844e+01 -5.228199999999999648e+01
1.225000000000000000e+07 -2.553200000000000003e+01 -5.230400000000000205e+01
1.231300000000000000e+07 -2.498999999999999844e+01 -5.274199999999999733e+01
1.237500000000000000e+07 -2.484400000000000119e+01 -5.339200000000000301e+01
1.243800000000000000e+07 -2.515399999999999991e+01 -5.395000000000000284e+01
1.250000000000000000e+07 -2.578200000000000003e+01 -5.413199999999999790e+01
1.256300000000000000e+07 -2.644000000000000128e+01 -5.381199999999999761e+01
1.262500000000000000e+07 -2.685399999999999920e+01 -5.307999999999999829e+01
1.268800000000000000e+07 -2.689799999999999969e+01 -5.215400000000000347e+01
1.275000000000000000e+07 -2.661599999999999966e+01 -5.125200000000000244e+01
1.281300000000000000e+07 -2.616000000000000014e+01 -5.046600000000000108e+01
1.287500000000000000e+07 -2.567200000000000060e+01 -4.976800000000000068e+01
1.293800000000000000e+07 -2.519999999999999929e+01 -4.904200000000000159e+01
1.300000000000000000e+07 -2.467599999999999838e+01 -4.819200000000000017e+01
1.306300000000000000e+07 -2.394999999999999929e+01 -4.721999999999999886e+01
1.312500000000000000e+07 -2.289799999999999969e+01 -4.627199999999999847e+01
1.318800000000000000e+07 -2.152799999999999869e+01 -4.560199999999999676e+01
1.325000000000000000e+07 -2.004400000000000048e+01 -4.543200000000000216e+01
1.331300000000000000e+07 -1.878340000000000032e+01 -4.582800000000000296e+01
1.337500000000000000e+07 -1.809819999999999851e+01 -4.662800000000000011e+01
1.343800000000000000e+07 -1.819940000000000069e+01 -4.746600000000000108e+01
1.350000000000000000e+07 -1.904680000000000106e+01 -4.788199999999999790e+01
1.356300000000000000e+07 -2.031400000000000006e+01 -4.749399999999999977e+01
1.362500000000000000e+07 -2.146799999999999997e+01 -4.617600000000000193e+01
1.368800000000000000e+07 -2.198199999999999932e+01 -4.416599999999999682e+01
1.375000000000000000e+07 -2.157000000000000028e+01 -4.198400000000000176e+01
1.381300000000000000e+07 -2.031800000000000139e+01 -4.021800000000000352e+01
1.387500000000000000e+07 -1.862819999999999965e+01 -3.929200000000000159e+01
1.393800000000000000e+07 -1.706759999999999877e+01 -3.932600000000000051e+01
1.400000000000000000e+07 -1.618840000000000146e+01 -4.010000000000000142e+01
1.406300000000000000e+07 -1.635160000000000124e+01 -4.109400000000000119e+01
1.412500000000000000e+07 -1.754520000000000124e+01 -4.159199999999999875e+01
1.418800000000000000e+07 -1.926219999999999999e+01 -4.096999999999999886e+01
1.425000000000000000e+07 -2.062600000000000122e+01 -3.905599999999999739e+01
1.431300000000000000e+07 -2.082000000000000028e+01 -3.632200000000000273e+01
1.437500000000000000e+07 -1.953979999999999961e+01 -3.365200000000000102e+01
1.443800000000000000e+07 -1.707300000000000040e+01 -3.185800000000000054e+01
1.450000000000000000e+07 -1.405100000000000016e+01 -3.139000000000000057e+01
1.456300000000000000e+07 -1.116140000000000043e+01 -3.229999999999999716e+01
1.462500000000000000e+07 -8.983399999999999608e+00 -3.432600000000000051e+01
1.468800000000000000e+07 -7.904799999999999827e+00 -3.699199999999999733e+01
1.475000000000000000e+07 -8.041399999999999437e+00 -3.967600000000000193e+01
1.481300000000000000e+07 -9.157199999999999562e+00 -4.175800000000000267e+01
1.487500000000000000e+07 -1.068379999999999974e+01 -4.285999999999999943e+01
1.493800000000000000e+07 -1.194260000000000055e+01 -4.303199999999999648e+01
1.500000000000000000e+07 -1.247739999999999938e+01 -4.273599999999999710e+01
1.506300000000000000e+07 -1.225740000000000052e+01 -4.255799999999999983e+01
1.512500000000000000e+07 -1.161619999999999919e+01 -4.291400000000000148e+01
1.518800000000000000e+07 -1.103159999999999918e+01 -4.388199999999999790e+01
1.525000000000000000e+07 -1.089339999999999975e+01 -4.522399999999999665e+01
1.531300000000000000e+07 -1.133880000000000088e+01 -4.651200000000000045e+01
1.537500000000000000e+07 -1.218779999999999930e+01 -4.733400000000000318e+01
1.543800000000000000e+07 -1.302159999999999940e+01 -4.749000000000000199e+01
1.550000000000000000e+07 -1.338320000000000043e+01 -4.711599999999999966e+01
1.556300000000000000e+07 -1.299920000000000009e+01 -4.661800000000000210e+01
1.562500000000000000e+07 -1.190659999999999918e+01 -4.650999999999999801e+01
1.568800000000000000e+07 -1.045139999999999958e+01 -4.721399999999999864e+01
1.575000000000000000e+07 -9.204000000000000625e+00 -4.889999999999999858e+01
1.581300000000000000e+07 -8.809599999999999653e+00 -5.138000000000000256e+01
1.587500000000000000e+07 -9.749599999999999156e+00 -5.405199999999999960e+01
1.593800000000000000e+07 -1.203640000000000043e+01 -5.603199999999999648e+01
1.600000000000000000e+07 -1.506119999999999948e+01 -5.658400000000000318e+01
1.606299999999999814e+07 -1.785020000000000095e+01 -5.554999999999999716e+01
1.612500000000000000e+07 -1.960119999999999862e+01 -5.343399999999999750e+01
1.618799999999999814e+07 -2.003600000000000136e+01 -5.103999999999999915e+01
1.625000000000000000e+07 -1.936479999999999890e+01 -4.909000000000000341e+01
1.631299999999999814e+07 -1.807280000000000086e+01 -4.801200000000000045e+01
1.637500000000000000e+07 -1.672660000000000124e+01 -4.793800000000000239e+01
1.643799999999999814e+07 -1.585839999999999961e+01 -4.872599999999999909e+01
1.650000000000000000e+07 -1.586560000000000059e+01 -5.000000000000000000e+01
1.656299999999999814e+07 -1.689339999999999975e+01 -5.120799999999999841e+01
1.662500000000000000e+07 -1.874020000000000152e+01 -5.179200000000000159e+01
1.668799999999999814e+07 -2.089799999999999969e+01 -5.142199999999999704e+01
1.675000000000000000e+07 -2.276800000000000068e+01 -5.015200000000000102e+01
1.681300000000000000e+07 -2.394200000000000017e+01 -4.838199999999999790e+01
1.687500000000000000e+07 -2.434799999999999898e+01 -4.662400000000000233e+01
1.693800000000000000e+07 -2.421600000000000108e+01 -4.528399999999999892e+01
1.700000000000000000e+07 -2.392599999999999838e+01 -4.452600000000000335e+01
1.706300000000000000e+07 -2.383399999999999963e+01 -4.425600000000000023e+01
1.712500000000000000e+07 -2.413800000000000168e+01 -4.420000000000000284e+01
1.718800000000000000e+07 -2.481200000000000117e+01 -4.403999999999999915e+01
1.725000000000000000e+07 -2.564000000000000057e+01 -4.356000000000000227e+01
1.731300000000000000e+07 -2.630799999999999983e+01 -4.273799999999999955e+01
1.737500000000000000e+07 -2.655600000000000094e+01 -4.175000000000000000e+01
1.743800000000000000e+07 -2.628999999999999915e+01 -4.091599999999999682e+01
1.750000000000000000e+07 -2.562199999999999989e+01 -4.056000000000000227e+01
1.756300000000000000e+07 -2.486199999999999832e+01 -4.089600000000000080e+01
1.762500000000000000e+07 -2.442200000000000060e+01 -4.192000000000000171e+01
1.768800000000000000e+07 -2.466799999999999926e+01 -4.336399999999999721e+01
1.775000000000000000e+07 -2.576999999999999957e+01 -4.475800000000000267e+01
1.781300000000000000e+07 -2.757799999999999940e+01 -4.557200000000000273e+01
1.787500000000000000e+07 -2.964600000000000080e+01 -4.543800000000000239e+01
1.793800000000000000e+07 -3.136400000000000077e+01 -4.430400000000000205e+01
1.800000000000000000e+07 -3.218399999999999750e+01 -4.249199999999999733e+01
1.806300000000000000e+07 -3.185000000000000142e+01 -4.058800000000000097e+01
1.812500000000000000e+07 -3.048199999999999932e+01 -3.922399999999999665e+01
1.818800000000000000e+07 -2.853399999999999892e+01 -3.885199999999999676e+01
1.825000000000000000e+07 -2.662000000000000099e+01 -3.960999999999999943e+01
1.831300000000000000e+07 -2.534400000000000119e+01 -4.129999999999999716e+01
1.837500000000000000e+07 -2.514799999999999969e+01 -4.345799999999999841e+01
1.843800000000000000e+07 -2.621000000000000085e+01 -4.541400000000000148e+01
1.850000000000000000e+07 -2.833999999999999986e+01 -4.643399999999999750e+01
1.856300000000000000e+07 -3.090200000000000102e+01 -4.592600000000000193e+01
1.862500000000000000e+07 -3.292999999999999972e+01 -4.376800000000000068e+01
1.868800000000000000e+07 -3.351599999999999824e+01 -4.052000000000000313e+01
1.875000000000000000e+07 -3.231600000000000250e+01 -3.722399999999999665e+01
1.881300000000000000e+07 -2.971399999999999864e+01 -3.485600000000000165e+01
1.887500000000000000e+07 -2.652400000000000091e+01 -3.391400000000000148e+01
1.893800000000000000e+07 -2.356800000000000139e+01 -3.437800000000000011e+01
1.900000000000000000e+07 -2.148000000000000043e+01 -3.589200000000000301e+01
1.906300000000000000e+07 -2.065200000000000102e+01 -3.790999999999999659e+01
1.912500000000000000e+07 -2.123199999999999932e+01 -3.977000000000000313e+01
1.918800000000000000e+07 -2.303399999999999892e+01 -4.074399999999999977e+01
1.925000000000000000e+07 -2.545400000000000063e+01 -4.024399999999999977e+01
1.931300000000000000e+07 -2.755799999999999983e+01 -3.813000000000000256e+01
1.937500000000000000e+07 -2.850199999999999889e+01 -3.490800000000000125e+01
1.943800000000000000e+07 -2.796799999999999997e+01 -3.147200000000000131e+01
1.950000000000000000e+07 -2.622800000000000153e+01 -2.862800000000000011e+01
1.956300000000000000e+07 -2.385999999999999943e+01 -2.679799999999999827e+01
1.962500000000000000e+07 -2.144800000000000040e+01 -2.603399999999999892e+01
1.968800000000000000e+07 -1.944920000000000115e+01 -2.615800000000000125e+01
1.975000000000000000e+07 -1.816319999999999979e+01 -2.683999999999999986e+01
1.981300000000000000e+07 -1.769539999999999935e+01 -2.767599999999999838e+01
1.987500000000000000e+07 -1.792719999999999914e+01 -2.827799999999999869e+01
1.993800000000000000e+07 -1.855020000000000024e+01 -2.840599999999999881e+01
2.000000000000000000e+07 -1.920400000000000063e+01 -2.805600000000000094e+01
2.006300000000000000e+07 -1.963479999999999848e+01 -2.742200000000000060e+01
2.012500000000000000e+07 -1.976679999999999993e+01 -2.677199999999999847e+01
2.018800000000000000e+07 -1.968260000000000076e+01 -2.633599999999999852e+01
2.025000000000000000e+07 -1.957039999999999935e+01 -2.624800000000000111e+01
2.031300000000000000e+07 -1.967020000000000124e+01 -2.650799999999999912e+01
2.037500000000000000e+07 -2.019399999999999906e+01 -2.695200000000000173e+01
2.043800000000000000e+07 -2.120599999999999952e+01 -2.727599999999999980e+01
2.050000000000000000e+07 -2.254599999999999937e+01 -2.718199999999999861e+01
2.056300000000000000e+07 -2.388200000000000145e+01 -2.653999999999999915e+01
2.062500000000000000e+07 -2.489199999999999946e+01 -2.544600000000000151e+01
2.068800000000000000e+07 -2.538800000000000168e+01 -2.413400000000000034e+01
2.075000000000000000e+07 -2.532600000000000051e+01 -2.285800000000000054e+01
2.081300000000000000e+07 -2.476599999999999824e+01 -2.184799999999999898e+01
2.087500000000000000e+07 -2.385800000000000054e+01 -2.128800000000000026e+01
2.093800000000000000e+07 -2.284600000000000009e+01 -2.128399999999999892e+01
2.100000000000000000e+07 -2.202599999999999980e+01 -2.178600000000000136e+01
2.106300000000000000e+07 -2.163400000000000034e+01 -2.254799999999999827e+01
2.112500000000000000e+07 -2.169200000000000017e+01 -2.320799999999999841e+01
2.118800000000000000e+07 -2.197800000000000153e+01 -2.346999999999999886e+01
2.125000000000000000e+07 -2.214799999999999969e+01 -2.325400000000000134e+01
2.131300000000000000e+07 -2.187999999999999901e+01 -2.269200000000000017e+01
2.137500000000000000e+07 -2.098400000000000176e+01 -2.208200000000000074e+01
2.143800000000000000e+07 -1.945240000000000080e+01 -2.182199999999999918e+01
2.150000000000000000e+07 -1.754540000000000077e+01 -2.230399999999999849e+01
2.156300000000000000e+07 -1.580760000000000076e+01 -2.372599999999999909e+01
2.162500000000000000e+07 -1.488020000000000032e+01 -2.584400000000000119e+01
2.168800000000000000e+07 -1.508719999999999928e+01 -2.797800000000000153e+01
2.175000000000000000e+07 -1.618560000000000088e+01 -2.941799999999999926e+01
2.181300000000000000e+07 -1.757440000000000069e+01 -2.984400000000000119e+01
2.187500000000000000e+07 -1.867980000000000018e+01 -2.937800000000000011e+01
2.193800000000000000e+07 -1.915739999999999910e+01 -2.838400000000000034e+01
2.200000000000000000e+07 -1.891560000000000130e+01 -2.732000000000000028e+01
2.206300000000000000e+07 -1.810960000000000036e+01 -2.662399999999999878e+01
2.212500000000000000e+07 -1.715719999999999956e+01 -2.662199999999999989e+01
2.218800000000000000e+07 -1.668560000000000088e+01 -2.730799999999999983e+01
2.225000000000000000e+07 -1.724459999999999837e+01 -2.817800000000000082e+01
2.231300000000000000e+07 -1.885900000000000176e+01 -2.837399999999999878e+01
2.237500000000000000e+07 -2.088800000000000168e+01 -2.724599999999999866e+01
2.243800000000000000e+07 -2.243199999999999861e+01 -2.477400000000000091e+01
2.250000000000000000e+07 -2.282600000000000051e+01 -2.146999999999999886e+01
2.256300000000000000e+07 -2.182799999999999940e+01 -1.806759999999999877e+01
2.262500000000000000e+07 -1.957000000000000028e+01 -1.528780000000000072e+01
2.268800000000000000e+07 -1.650199999999999889e+01 -1.371819999999999951e+01
2.275000000000000000e+07 -1.334600000000000009e+01 -1.369439999999999991e+01
2.281300000000000000e+07 -1.098719999999999963e+01 -1.512899999999999956e+01
2.287500000000000000e+07 -1.019519999999999982e+01 -1.738040000000000163e+01
2.293800000000000000e+07 -1.122039999999999971e+01 -1.936820000000000164e+01
2.300000000000000000e+07 -1.353659999999999997e+01 -2.002400000000000091e+01
2.306300000000000000e+07 -1.601620000000000132e+01 -1.885360000000000014e+01
2.312500000000000000e+07 -1.747599999999999909e+01 -1.619780000000000086e+01
2.318800000000000000e+07 -1.722360000000000113e+01 -1.303860000000000063e+01
2.325000000000000000e+07 -1.530139999999999922e+01 -1.053679999999999950e+01
2.331300000000000000e+07 -1.240339999999999954e+01 -9.579800000000000537e+00
2.337500000000000000e+07 -9.590799999999999770e+00 -1.049380000000000024e+01
2.343800000000000000e+07 -7.934999999999999609e+00 -1.295180000000000042e+01
2.350000000000000000e+07 -8.173600000000000421e+00 -1.605339999999999989e+01
2.356300000000000000e+07 -1.042580000000000062e+01 -1.855659999999999954e+01
2.362500000000000000e+07 -1.401779999999999937e+01 -1.926439999999999841e+01
2.368800000000000000e+07 -1.754899999999999949e+01 -1.755859999999999843e+01
2.375000000000000000e+07 -1.939359999999999928e+01 -1.388959999999999972e+01
2.381300000000000000e+07 -1.857920000000000016e+01 -9.759199999999999875e+00
2.387500000000000000e+07 -1.541060000000000052e+01 -6.929199999999999804e+00
2.393800000000000000e+07 -1.120340000000000025e+01 -6.427200000000000024e+00
2.400000000000000000e+07 -7.424000000000000377e+00 -8.207800000000000651e+00
2.406300000000000000e+07 -5.051199999999999690e+00 -1.151500000000000057e+01
2.412500000000000000e+07 -4.458199999999999719e+00 -1.538679999999999914e+01
2.418800000000000000e+07 -5.560399999999999565e+00 -1.894180000000000064e+01
2.425000000000000000e+07 -7.960399999999999920e+00 -2.147200000000000131e+01
2.431300000000000000e+07 -1.100479999999999947e+01 -2.250600000000000023e+01
2.437500000000000000e+07 -1.385599999999999987e+01 -2.193599999999999994e+01
2.443800000000000000e+07 -1.573920000000000030e+01 -2.017399999999999949e+01
2.450000000000000000e+07 -1.633859999999999957e+01 -1.800479999999999947e+01
2.456300000000000000e+07 -1.593140000000000001e+01 -1.611039999999999850e+01
2.462500000000000000e+07 -1.503940000000000055e+01 -1.469619999999999926e+01
2.468800000000000000e+07 -1.399600000000000044e+01 -1.358319999999999972e+01
2.475000000000000000e+07 -1.281039999999999957e+01 -1.252560000000000073e+01
2.481300000000000000e+07 -1.127280000000000015e+01 -1.144400000000000084e+01
2.487500000000000000e+07 -9.135999999999999233e+00 -1.052519999999999989e+01
2.493800000000000000e+07 -6.322400000000000020e+00 -1.021940000000000026e+01
