# Impedance of C80-88 
# Measurement for 12 bunches, cavity tuned on h=168 for p+
# Authors: G. Favia, A. Lasheen
# f_r [Hz]	Abs(Z)[Ohm]
7.104500000000000000e+07 3.107903304654070098e+02
7.152200000000000000e+07 2.954654258913109857e+02
7.199800000000000000e+07 3.079621074767773621e+02
7.247500000000000000e+07 3.644844056032201252e+02
7.295200000000000000e+07 3.761433216096311298e+02
7.342900000000000000e+07 4.000433762690435628e+02
7.390600000000000000e+07 3.471683566265420495e+02
7.438200000000000000e+07 3.245353537562224346e+02
7.485900000000000000e+07 4.358341179437339861e+02
7.533600000000000000e+07 5.384502113428401344e+02
7.581300000000000000e+07 5.813217837336443381e+02
7.629000000000000000e+07 5.845029323847585374e+02
7.676600000000000000e+07 6.028013709180820570e+02
7.724300000000000000e+07 8.817994327600016504e+02
7.772000000000000000e+07 1.391074537068966492e+03
7.819700000000000000e+07 2.040669446874120240e+03
7.867400000000000000e+07 2.431542240096297519e+03
7.915100000000000000e+07 2.866799805345745881e+03
7.962700000000000000e+07 7.076356276128570244e+03
8.010400000000000000e+07 1.594064829831116367e+04
8.058100000000000000e+07 9.117728684062551110e+03
8.105800000000000000e+07 3.492228950480301137e+03
8.153500000000000000e+07 1.633849874505803882e+03
8.201100000000000000e+07 1.220140327337905092e+03
8.248800000000000000e+07 1.176031811948116911e+03
8.296500000000000000e+07 1.086112754727955007e+03
8.344200000000000000e+07 9.705793721006803025e+02
8.391900000000000000e+07 7.071928653864461012e+02
8.439500000000000000e+07 6.605415789148319163e+02
8.487200000000000000e+07 8.225527850701539592e+02
8.534900000000000000e+07 8.440054278588860370e+02
8.582600000000000000e+07 6.992110649907710922e+02
8.630300000000000000e+07 4.938681200915347063e+02
8.677900000000000000e+07 4.413290087778373731e+02
8.725600000000000000e+07 4.369914282406033976e+02
8.773300000000000000e+07 4.248158361343263323e+02
8.821000000000000000e+07 3.854512974724454466e+02
8.868700000000000000e+07 3.543349559808557387e+02
8.916400000000000000e+07 2.992967840157065211e+02
