# Impedance of C80-88 
# Measurement for 48 bunches, cavity tuned on h=168 for p+
# Authors: G. Favia, A. Lasheen
# f_r [Hz]	Abs(Z)[Ohm]
7.118600000000000000e+07 2.051638450504508739e+02
7.152200000000000000e+07 2.910093543886881093e+02
7.199800000000000000e+07 3.612629129037733264e+02
7.247500000000000000e+07 3.862278704365247108e+02
7.295200000000000000e+07 4.049692617914975585e+02
7.342900000000000000e+07 4.100355260595859477e+02
7.390600000000000000e+07 3.292606940559313102e+02
7.438200000000000000e+07 4.931594697048473677e+02
7.485900000000000000e+07 4.673819812076503695e+02
7.533600000000000000e+07 5.475834582143230591e+02
7.581300000000000000e+07 6.187449403278036471e+02
7.629000000000000000e+07 6.678131574302425406e+02
7.676600000000000000e+07 6.243634386759337076e+02
7.724300000000000000e+07 1.085138799736979763e+03
7.772000000000000000e+07 1.124182914910666341e+03
7.819700000000000000e+07 2.258661619177760258e+03
7.867400000000000000e+07 2.317741166700398026e+03
7.915100000000000000e+07 2.887097398665529909e+03
7.962700000000000000e+07 9.042445367114114561e+03
8.010400000000000000e+07 1.332685740166312280e+04
8.058100000000000000e+07 9.600736106607557304e+03
8.105800000000000000e+07 2.709775722494924594e+03
8.153500000000000000e+07 1.703825418274236426e+03
8.201100000000000000e+07 1.186180900032115915e+03
8.248800000000000000e+07 1.298662479064687886e+03
8.296500000000000000e+07 1.150220978412227169e+03
8.344200000000000000e+07 1.264646889315690032e+03
8.391900000000000000e+07 7.984749672502541671e+02
8.429700000000000000e+07 9.070439228068623834e+02
8.487200000000000000e+07 8.171622975583984498e+02
8.534900000000000000e+07 8.302350185287679096e+02
8.582600000000000000e+07 6.523145801949535780e+02
8.630300000000000000e+07 5.685261210100718472e+02
8.677900000000000000e+07 4.362896142322437072e+02
8.725600000000000000e+07 3.889368023765313183e+02
8.773300000000000000e+07 9.877324318333936617e+02
8.821000000000000000e+07 4.179415595230280474e+02
8.868700000000000000e+07 3.956506614918592390e+02
8.916400000000000000e+07 3.003643398779385620e+02
