# Impedance of C80-88 
# Measurement for 36 bunches, cavity tuned on h=168 for p+
# Authors: G. Favia, A. Lasheen
# f_r [Hz]	Abs(Z)[Ohm]
7.104500000000000000e+07 2.237803277759726939e+02
7.152100000000000000e+07 3.047993657045195732e+02
7.199800000000000000e+07 3.730223985930929302e+02
7.256000000000000000e+07 5.806310236760110683e+02
7.295200000000000000e+07 3.987657401978711960e+02
7.342900000000000000e+07 3.270953130678631737e+02
7.390600000000000000e+07 3.435393632514088154e+02
7.438200000000000000e+07 3.502456428677737108e+02
7.485900000000000000e+07 4.346346543995888396e+02
7.533600000000000000e+07 5.781184422828634979e+02
7.581300000000000000e+07 6.262100435496018918e+02
7.629000000000000000e+07 6.501160838203760477e+02
7.676600000000000000e+07 6.722300740829867891e+02
7.724300000000000000e+07 1.026245952665207142e+03
7.772000000000000000e+07 1.566582211633580300e+03
7.819700000000000000e+07 2.046349337744467448e+03
7.867400000000000000e+07 2.577008857228646320e+03
7.915100000000000000e+07 5.205745965937289839e+03
7.962700000000000000e+07 8.529381237954274184e+03
8.010400000000000000e+07 1.399539588560664561e+04
8.058100000000000000e+07 9.716710491534437097e+03
8.105800000000000000e+07 4.256861070159784504e+03
8.153500000000000000e+07 1.739180091685217121e+03
8.201100000000000000e+07 1.387943842079464730e+03
8.248800000000000000e+07 1.239124177852422008e+03
8.296500000000000000e+07 1.134500629621510825e+03
8.344200000000000000e+07 1.298371756103243342e+03
8.391900000000000000e+07 7.696676820241410724e+02
8.439500000000000000e+07 7.785191406080405159e+02
8.487200000000000000e+07 7.636165301371889882e+02
8.534900000000000000e+07 8.833212326051184391e+02
8.582600000000000000e+07 8.877159462011098867e+02
8.630300000000000000e+07 5.472037118528260180e+02
8.678000000000000000e+07 4.314283682516428939e+02
8.725600000000000000e+07 4.724619651841364885e+02
8.773300000000000000e+07 4.434107273206469699e+02
8.821000000000000000e+07 3.876151837070121360e+02
8.868700000000000000e+07 3.851907863269549921e+02
8.916400000000000000e+07 5.148753181510232935e+02
