# Impedance of C80-88 
# Measurement for 72 bunches, cavity tuned on h=168 for p+
# Authors: G. Favia, A. Lasheen
# f_r [Hz]	Abs(Z)[Ohm]
7.104500000000000000e+07 3.644160567241541457e+02
7.152200000000000000e+07 3.337604196695051542e+02
7.199800000000000000e+07 3.127598524911528557e+02
7.247500000000000000e+07 4.028469224385393090e+02
7.295200000000000000e+07 5.074180680544316147e+02
7.342900000000000000e+07 4.085260367734987312e+02
7.390600000000000000e+07 3.453426559068376491e+02
7.438200000000000000e+07 3.640624114292042464e+02
7.485900000000000000e+07 4.692469641394737323e+02
7.533600000000000000e+07 6.093675340409503178e+02
7.581300000000000000e+07 6.523834128926674794e+02
7.629000000000000000e+07 6.842220759809202946e+02
7.676600000000000000e+07 7.025173361184150735e+02
7.724300000000000000e+07 1.089036126929874854e+03
7.772000000000000000e+07 1.616098592001186034e+03
7.819700000000000000e+07 2.328711948177998238e+03
7.867400000000000000e+07 2.754308703351915483e+03
7.915100000000000000e+07 3.577046818164241813e+03
7.962700000000000000e+07 1.098706189057649499e+04
8.010400000000000000e+07 1.412511674203175789e+04
8.058100000000000000e+07 1.002178768086837226e+04
8.105800000000000000e+07 3.959366542248636506e+03
8.153500000000000000e+07 1.842676376047809072e+03
8.201100000000000000e+07 1.409869696328216378e+03
8.248800000000000000e+07 1.347278754804576465e+03
8.296500000000000000e+07 9.552381252906992586e+02
8.344200000000000000e+07 1.122310369220761459e+03
8.391900000000000000e+07 9.282895879327433022e+02
8.439500000000000000e+07 8.003121854887486961e+02
8.487200000000000000e+07 8.912703231682330625e+02
8.534900000000000000e+07 9.022673929506831882e+02
8.582600000000000000e+07 7.061962140847654155e+02
8.630200000000000000e+07 7.013492849377539642e+02
8.677900000000000000e+07 4.175564206968268763e+02
8.725600000000000000e+07 4.895513922856554245e+02
8.773300000000000000e+07 5.129302498432845141e+02
8.821000000000000000e+07 4.595666093200614455e+02
8.868700000000000000e+07 3.474373407076403737e+02
8.916400000000000000e+07 4.477928240709338752e+02
