# Impedance of C80-88 
# Measurement for 24 bunches, cavity tuned on h=168 for p+
# Authors: G. Favia, A. Lasheen
# f_r [Hz]	Abs(Z)[Ohm]
7.104500000000000000e+07 2.989532043974952558e+02
7.152200000000000000e+07 2.237167103607102945e+02
7.199900000000000000e+07 3.315501314796925385e+02
7.247500000000000000e+07 4.165150597273587323e+02
7.295200000000000000e+07 4.265119214870497331e+02
7.350700000000000000e+07 3.025891491463397642e+02
7.390600000000000000e+07 3.250283741243995905e+02
7.438200000000000000e+07 3.317358511132053422e+02
7.485900000000000000e+07 4.201413873597776956e+02
7.533600000000000000e+07 6.150438624825839042e+02
7.581300000000000000e+07 6.065812118779132334e+02
7.629000000000000000e+07 6.156076283891366074e+02
7.676600000000000000e+07 5.519115112185140788e+02
7.724300000000000000e+07 1.064100003022528881e+03
7.772000000000000000e+07 1.508458577262077824e+03
7.819700000000000000e+07 2.317019345824418906e+03
7.867400000000000000e+07 1.900122230054445026e+03
7.915100000000000000e+07 3.056233511743114377e+03
7.962700000000000000e+07 8.020234433075524066e+03
8.010400000000000000e+07 1.476706399175979823e+04
8.058100000000000000e+07 9.542652960177767454e+03
8.105800000000000000e+07 3.880741780514726543e+03
8.153500000000000000e+07 1.719927951710420530e+03
8.201100000000000000e+07 1.424397712395314102e+03
8.248800000000000000e+07 1.236743474325040324e+03
8.296500000000000000e+07 1.179060570500804033e+03
8.344200000000000000e+07 1.447428623762278903e+03
8.391900000000000000e+07 7.442012616485883427e+02
8.439500000000000000e+07 7.014950456657004452e+02
8.487200000000000000e+07 8.188611575106566534e+02
8.534900000000000000e+07 9.248595312485402928e+02
8.582600000000000000e+07 6.853648239518988703e+02
8.630300000000000000e+07 4.859364632637196451e+02
8.678000000000000000e+07 4.305027004637483969e+02
8.725600000000000000e+07 4.371287829981429240e+02
8.773300000000000000e+07 4.562172076822286044e+02
8.821000000000000000e+07 4.022163069232368002e+02
8.868700000000000000e+07 6.041721386615980691e+02
8.916400000000000000e+07 2.920229585465839364e+02
