# Impedance of C80-88 
# Measurement for 60 bunches, cavity tuned on h=168 for p+
# Authors: G. Favia, A. Lasheen
# f_r [Hz]	Abs(Z)[Ohm]
7.104500000000000000e+07 3.263938609955987431e+02
7.152200000000000000e+07 3.464092405635022942e+02
7.199800000000000000e+07 3.636173699128190151e+02
7.247500000000000000e+07 4.240732760224466347e+02
7.295200000000000000e+07 4.312086505351788901e+02
7.342900000000000000e+07 4.431280057507286188e+02
7.390600000000000000e+07 3.180668537218160168e+02
7.438200000000000000e+07 3.369920051031488697e+02
7.485900000000000000e+07 5.008033415432418565e+02
7.533600000000000000e+07 6.025712279617429203e+02
7.581300000000000000e+07 6.260336700531225915e+02
7.629000000000000000e+07 6.493461763305305112e+02
7.676600000000000000e+07 5.910688230290928686e+02
7.724300000000000000e+07 1.018737422497971238e+03
7.772000000000000000e+07 1.504555409400931921e+03
7.819700000000000000e+07 2.156923395826791420e+03
7.867400000000000000e+07 2.653626422530164291e+03
7.915100000000000000e+07 3.154153993077553423e+03
7.962700000000000000e+07 9.734951991302876195e+03
8.010400000000000000e+07 1.365163802636088622e+04
8.058100000000000000e+07 9.856355110058018909e+03
8.105800000000000000e+07 3.738816540914090638e+03
8.153500000000000000e+07 1.643755963634547697e+03
8.201100000000000000e+07 1.318576946216466240e+03
8.248800000000000000e+07 1.263748760984623686e+03
8.296500000000000000e+07 1.147061738715127831e+03
8.344200000000000000e+07 9.091747894003450483e+02
8.391900000000000000e+07 8.748657260682435890e+02
8.439500000000000000e+07 7.055906012416116937e+02
8.487200000000000000e+07 6.766445018349576230e+02
8.534900000000000000e+07 8.796211053728550269e+02
8.582600000000000000e+07 7.279837807073150771e+02
8.630300000000000000e+07 5.988987349771301751e+02
8.677900000000000000e+07 4.783627540235515880e+02
8.725600000000000000e+07 4.550621049952007411e+02
8.773300000000000000e+07 4.421107771261948187e+02
8.821000000000000000e+07 5.725552024612944706e+02
8.868700000000000000e+07 4.047969260198785832e+02
8.916300000000000000e+07 3.134842592468306179e+02
