# Horizontal aperture
# Position [m] - Aperture Ext [m] - Aperture Int [m]
0.000000000000000000e+00 7.299999999999999545e-02 -7.299999999999999545e-02
5.894999999999999199e-03 7.299999999999999545e-02 -7.299999999999999545e-02
6.058949999999999614e-01 7.299999999999999545e-02 -7.299999999999999545e-02
6.058949999999999614e-01 7.299999999999999545e-02 -7.299999999999999545e-02
2.455894999999999939e+00 7.299999999999999545e-02 -7.299999999999999545e-02
2.461790000000000145e+00 7.299999999999999545e-02 -7.299999999999999545e-02
2.461790000000000145e+00 7.299999999999999545e-02 -7.299999999999999545e-02
7.403189999999999493e+00 7.299999999999999545e-02 -7.299999999999999545e-02
7.403189999999999493e+00 7.299999999999999545e-02 -7.299999999999999545e-02
7.409085000000000143e+00 7.299999999999999545e-02 -7.299999999999999545e-02
8.459084999999999965e+00 7.299999999999999545e-02 -7.299999999999999545e-02
8.464979999999998839e+00 7.299999999999999545e-02 -7.299999999999999545e-02
8.464979999999998839e+00 7.299999999999999545e-02 -7.299999999999999545e-02
1.340637999999999863e+01 7.299999999999999545e-02 -7.299999999999999545e-02
1.340637999999999863e+01 7.299999999999999545e-02 -7.299999999999999545e-02
1.341227499999999928e+01 7.299999999999999545e-02 -7.299999999999999545e-02
1.446227499999999999e+01 7.299999999999999545e-02 -7.299999999999999545e-02
1.446817000000000064e+01 7.299999999999999545e-02 -7.299999999999999545e-02
1.446817000000000064e+01 7.299999999999999545e-02 -7.299999999999999545e-02
1.940956999999999866e+01 7.299999999999999545e-02 -7.299999999999999545e-02
1.940956999999999866e+01 5.625000000000000139e-02 -5.625000000000000139e-02
1.941546500000000108e+01 5.625000000000000139e-02 -5.625000000000000139e-02
2.030346499999999921e+01 5.625000000000000139e-02 -5.625000000000000139e-02
2.030346499999999921e+01 7.299999999999999545e-02 -7.299999999999999545e-02
2.046546500000000179e+01 7.299999999999999545e-02 -7.299999999999999545e-02
2.047136000000000067e+01 7.299999999999999545e-02 -7.299999999999999545e-02
2.047136000000000067e+01 7.299999999999999545e-02 -7.299999999999999545e-02
2.541276000000000224e+01 7.299999999999999545e-02 -7.299999999999999545e-02
2.541276000000000224e+01 7.299999999999999545e-02 -7.299999999999999545e-02
2.541865500000000111e+01 7.299999999999999545e-02 -7.299999999999999545e-02
2.646865500000000182e+01 7.299999999999999545e-02 -7.299999999999999545e-02
2.647455000000000425e+01 7.299999999999999545e-02 -7.299999999999999545e-02
2.647455000000000425e+01 7.299999999999999545e-02 -7.299999999999999545e-02
3.141595000000000582e+01 7.299999999999999545e-02 -7.299999999999999545e-02
3.141595000000000582e+01 7.299999999999999545e-02 -7.299999999999999545e-02
3.142184500000000469e+01 7.299999999999999545e-02 -7.299999999999999545e-02
3.154124500000000708e+01 7.299999999999999545e-02 -7.299999999999999545e-02
3.154124500000000708e+01 7.384999999999999898e-02 -7.384999999999999898e-02
3.191374500000000580e+01 7.384999999999999898e-02 -7.384999999999999898e-02
3.191374500000000580e+01 7.384999999999999898e-02 -7.384999999999999898e-02
3.228624500000000808e+01 7.384999999999999898e-02 -7.384999999999999898e-02
3.228624500000000808e+01 7.384999999999999898e-02 -7.384999999999999898e-02
3.265874500000000324e+01 7.384999999999999898e-02 -7.384999999999999898e-02
3.265874500000000324e+01 7.384999999999999898e-02 -7.384999999999999898e-02
3.303124500000001262e+01 7.384999999999999898e-02 -7.384999999999999898e-02
3.303124500000001262e+01 7.384999999999999898e-02 -7.384999999999999898e-02
3.340374500000000779e+01 7.384999999999999898e-02 -7.384999999999999898e-02
3.340374500000000779e+01 7.384999999999999898e-02 -7.384999999999999898e-02
3.377624500000001007e+01 7.384999999999999898e-02 -7.384999999999999898e-02
3.377624500000001007e+01 7.299999999999999545e-02 -7.299999999999999545e-02
3.378694500000001000e+01 7.299999999999999545e-02 -7.299999999999999545e-02
3.378694500000001000e+01 7.299999999999999545e-02 -7.299999999999999545e-02
3.387184500000000753e+01 7.299999999999999545e-02 -7.299999999999999545e-02
3.387774000000000285e+01 7.299999999999999545e-02 -7.299999999999999545e-02
3.387774000000000285e+01 7.299999999999999545e-02 -1.049999999999999961e-01
3.881914000000000442e+01 7.299999999999999545e-02 -1.049999999999999961e-01
3.881914000000000442e+01 7.299999999999999545e-02 -1.049999999999999961e-01
3.882503500000000685e+01 7.299999999999999545e-02 -1.049999999999999961e-01
3.987503500000000400e+01 7.299999999999999545e-02 -1.049999999999999961e-01
3.988092999999999932e+01 7.299999999999999545e-02 -1.049999999999999961e-01
3.988092999999999932e+01 7.299999999999999545e-02 -1.049999999999999961e-01
4.482233000000000089e+01 7.299999999999999545e-02 -1.049999999999999961e-01
4.482233000000000089e+01 7.249999999999999500e-02 -7.249999999999999500e-02
4.482822499999999621e+01 7.249999999999999500e-02 -7.249999999999999500e-02
4.492822499999999764e+01 7.249999999999999500e-02 -7.249999999999999500e-02
4.492822499999999764e+01 7.299999999999999545e-02 -7.299999999999999545e-02
4.587822500000000048e+01 7.299999999999999545e-02 -7.299999999999999545e-02
4.588411999999999580e+01 7.299999999999999545e-02 -7.299999999999999545e-02
4.588411999999999580e+01 7.299999999999999545e-02 -7.299999999999999545e-02
5.082551999999999737e+01 7.299999999999999545e-02 -7.299999999999999545e-02
5.082551999999999737e+01 7.299999999999999545e-02 -7.299999999999999545e-02
5.083141499999999269e+01 7.299999999999999545e-02 -7.299999999999999545e-02
5.087441499999999195e+01 7.299999999999999545e-02 -7.299999999999999545e-02
5.087441499999999195e+01 7.900000000000000078e-02 -7.900000000000000078e-02
5.185441499999999593e+01 7.900000000000000078e-02 -7.900000000000000078e-02
5.185441499999999593e+01 7.299999999999999545e-02 -7.299999999999999545e-02
5.188141499999999695e+01 7.299999999999999545e-02 -7.299999999999999545e-02
5.188730999999999227e+01 7.299999999999999545e-02 -7.299999999999999545e-02
5.188730999999999227e+01 7.299999999999999545e-02 -7.299999999999999545e-02
5.682870999999999384e+01 7.299999999999999545e-02 -7.299999999999999545e-02
5.682870999999999384e+01 7.299999999999999545e-02 -7.299999999999999545e-02
5.683460499999998916e+01 7.299999999999999545e-02 -7.299999999999999545e-02
5.778300499999998863e+01 7.299999999999999545e-02 -7.299999999999999545e-02
5.778300499999998863e+01 7.249999999999999500e-02 -7.249999999999999500e-02
5.788300499999999005e+01 7.249999999999999500e-02 -7.249999999999999500e-02
5.788300499999999005e+01 7.299999999999999545e-02 -7.299999999999999545e-02
5.788460499999998632e+01 7.299999999999999545e-02 -7.299999999999999545e-02
5.789049999999998875e+01 7.299999999999999545e-02 -7.299999999999999545e-02
5.789049999999998875e+01 7.299999999999999545e-02 -7.299999999999999545e-02
6.283189999999999031e+01 7.299999999999999545e-02 -7.299999999999999545e-02
6.283189999999999031e+01 7.299999999999999545e-02 -7.299999999999999545e-02
6.283779499999998563e+01 7.299999999999999545e-02 -7.299999999999999545e-02
6.293129499999998444e+01 7.299999999999999545e-02 -7.299999999999999545e-02
6.293129499999998444e+01 7.749999999999999944e-02 -7.749999999999999944e-02
6.293169499999998351e+01 7.749999999999999944e-02 -7.749999999999999944e-02
6.293169499999998351e+01 7.749999999999999944e-02 -7.749999999999999944e-02
6.389309499999998820e+01 7.749999999999999944e-02 -7.749999999999999944e-02
6.389309499999998820e+01 7.749999999999999944e-02 -7.749999999999999944e-02
6.389581999999998629e+01 7.749999999999999944e-02 -7.749999999999999944e-02
6.389581999999998629e+01 7.749999999999999944e-02 -7.749999999999999944e-02
6.399581999999998772e+01 7.749999999999999944e-02 -7.749999999999999944e-02
6.399581999999998772e+01 7.749999999999999944e-02 -7.749999999999999944e-02
6.399854499999998581e+01 7.749999999999999944e-02 -7.749999999999999944e-02
6.399854499999998581e+01 7.749999999999999944e-02 -7.749999999999999944e-02
6.504034499999998786e+01 7.749999999999999944e-02 -7.749999999999999944e-02
6.504034499999998786e+01 7.749999999999999944e-02 -7.749999999999999944e-02
6.504306999999998595e+01 7.749999999999999944e-02 -7.749999999999999944e-02
6.504306999999998595e+01 7.749999999999999944e-02 -7.749999999999999944e-02
6.514306999999998027e+01 7.749999999999999944e-02 -7.749999999999999944e-02
6.514306999999998027e+01 7.749999999999999944e-02 -7.749999999999999944e-02
6.514579499999997836e+01 7.749999999999999944e-02 -7.749999999999999944e-02
6.514579499999997836e+01 7.749999999999999944e-02 -7.749999999999999944e-02
6.524169499999997868e+01 7.749999999999999944e-02 -7.749999999999999944e-02
6.524169499999997868e+01 7.299999999999999545e-02 -7.299999999999999545e-02
6.528779499999998848e+01 7.299999999999999545e-02 -7.299999999999999545e-02
6.529368999999998380e+01 7.299999999999999545e-02 -7.299999999999999545e-02
6.529368999999998380e+01 7.299999999999999545e-02 -7.299999999999999545e-02
7.023508999999998537e+01 7.299999999999999545e-02 -7.299999999999999545e-02
7.023508999999998537e+01 7.299999999999999545e-02 -7.299999999999999545e-02
7.024098499999998069e+01 7.299999999999999545e-02 -7.299999999999999545e-02
7.034718499999998187e+01 7.299999999999999545e-02 -7.299999999999999545e-02
7.034718499999998187e+01 7.299999999999999545e-02 -7.299999999999999545e-02
7.068098499999999262e+01 7.299999999999999545e-02 -7.299999999999999545e-02
7.068098499999999262e+01 7.299999999999999545e-02 -7.299999999999999545e-02
7.129098499999999206e+01 7.299999999999999545e-02 -7.299999999999999545e-02
7.129687999999998738e+01 7.299999999999999545e-02 -7.299999999999999545e-02
7.129687999999998738e+01 7.299999999999999545e-02 -7.299999999999999545e-02
7.623827999999998895e+01 7.299999999999999545e-02 -7.299999999999999545e-02
7.623827999999998895e+01 7.449999999999999678e-02 -7.449999999999999678e-02
7.624417499999998427e+01 7.449999999999999678e-02 -7.449999999999999678e-02
7.713217499999998950e+01 7.449999999999999678e-02 -7.449999999999999678e-02
7.713217499999998950e+01 7.299999999999999545e-02 -7.299999999999999545e-02
7.729417499999998142e+01 7.299999999999999545e-02 -7.299999999999999545e-02
7.730006999999999096e+01 7.299999999999999545e-02 -7.299999999999999545e-02
7.730006999999999096e+01 7.299999999999999545e-02 -7.299999999999999545e-02
8.224146999999999252e+01 7.299999999999999545e-02 -7.299999999999999545e-02
8.224146999999999252e+01 7.299999999999999545e-02 -7.299999999999999545e-02
8.224736499999998784e+01 7.299999999999999545e-02 -7.299999999999999545e-02
8.231336499999999035e+01 7.299999999999999545e-02 -7.299999999999999545e-02
8.231336499999999035e+01 9.500000000000000111e-02 -9.500000000000000111e-02
8.329736499999998500e+01 9.500000000000000111e-02 -9.500000000000000111e-02
8.330325999999999453e+01 9.500000000000000111e-02 -9.500000000000000111e-02
8.330325999999999453e+01 1.270000000000000018e-01 -7.299999999999999545e-02
8.824465999999998189e+01 1.270000000000000018e-01 -7.299999999999999545e-02
8.824465999999998189e+01 1.350000000000000089e-01 -9.400000000000000022e-02
8.825055499999999142e+01 1.350000000000000089e-01 -9.400000000000000022e-02
8.904055499999999768e+01 1.350000000000000089e-01 -9.400000000000000022e-02
8.904055499999999768e+01 1.350000000000000089e-01 -9.450000000000000067e-02
8.930055499999998858e+01 1.350000000000000089e-01 -9.450000000000000067e-02
8.930644999999999811e+01 1.350000000000000089e-01 -9.450000000000000067e-02
8.930644999999999811e+01 1.244999999999999996e-01 -7.549999999999999767e-02
9.424784999999998547e+01 1.244999999999999996e-01 -7.549999999999999767e-02
9.424784999999998547e+01 1.199999999999999956e-01 -7.299999999999999545e-02
9.425374499999999500e+01 1.199999999999999956e-01 -7.299999999999999545e-02
9.670374499999999784e+01 1.199999999999999956e-01 -7.299999999999999545e-02
9.670963999999999317e+01 1.199999999999999956e-01 -7.299999999999999545e-02
9.670963999999999317e+01 1.690000000000000113e-01 -7.299999999999999545e-02
9.901133999999998991e+01 1.690000000000000113e-01 -7.299999999999999545e-02
9.901133999999998991e+01 1.270000000000000018e-01 -7.299999999999999545e-02
1.016510399999999947e+02 1.270000000000000018e-01 -7.299999999999999545e-02
1.016510399999999947e+02 1.110000000000000014e-01 -7.900000000000000078e-02
1.016569350000000043e+02 1.110000000000000014e-01 -7.900000000000000078e-02
1.027069350000000014e+02 1.110000000000000014e-01 -7.900000000000000078e-02
1.027128299999999967e+02 1.110000000000000014e-01 -7.900000000000000078e-02
1.027128299999999967e+02 1.049999999999999961e-01 -7.299999999999999545e-02
1.076542299999999983e+02 1.049999999999999961e-01 -7.299999999999999545e-02
1.076542299999999983e+02 1.049999999999999961e-01 -7.299999999999999545e-02
1.076601249999999936e+02 1.049999999999999961e-01 -7.299999999999999545e-02
1.079835250000000002e+02 1.049999999999999961e-01 -7.299999999999999545e-02
1.079835250000000002e+02 1.049999999999999961e-01 -7.299999999999999545e-02
1.087101250000000050e+02 1.049999999999999961e-01 -7.299999999999999545e-02
1.087160200000000003e+02 1.049999999999999961e-01 -7.299999999999999545e-02
1.087160200000000003e+02 1.049999999999999961e-01 -7.299999999999999545e-02
1.136574200000000019e+02 1.049999999999999961e-01 -7.299999999999999545e-02
1.136574200000000019e+02 1.049999999999999961e-01 -7.299999999999999545e-02
1.136633149999999972e+02 1.049999999999999961e-01 -7.299999999999999545e-02
1.142833150000000018e+02 1.049999999999999961e-01 -7.299999999999999545e-02
1.142833150000000018e+02 1.100000000000000006e-01 -7.799999999999999989e-02
1.147133150000000086e+02 1.100000000000000006e-01 -7.799999999999999989e-02
1.147192100000000039e+02 1.100000000000000006e-01 -7.799999999999999989e-02
1.147192100000000039e+02 1.049999999999999961e-01 -7.299999999999999545e-02
1.196606100000000055e+02 1.049999999999999961e-01 -7.299999999999999545e-02
1.196606100000000055e+02 1.049999999999999961e-01 -7.299999999999999545e-02
1.196665050000000008e+02 1.049999999999999961e-01 -7.299999999999999545e-02
1.206149049999999932e+02 1.049999999999999961e-01 -7.299999999999999545e-02
1.206149049999999932e+02 7.249999999999999500e-02 -7.249999999999999500e-02
1.207165049999999979e+02 7.249999999999999500e-02 -7.249999999999999500e-02
1.207224000000000075e+02 7.249999999999999500e-02 -7.249999999999999500e-02
1.207224000000000075e+02 7.299999999999999545e-02 -7.299999999999999545e-02
1.256638000000000090e+02 7.299999999999999545e-02 -7.299999999999999545e-02
1.256638000000000090e+02 7.299999999999999545e-02 -7.299999999999999545e-02
1.256696950000000044e+02 7.299999999999999545e-02 -7.299999999999999545e-02
1.267346950000000021e+02 7.299999999999999545e-02 -7.299999999999999545e-02
1.267346950000000021e+02 7.299999999999999545e-02 -7.299999999999999545e-02
1.270664950000000033e+02 7.299999999999999545e-02 -7.299999999999999545e-02
1.270664950000000033e+02 7.449999999999999678e-02 -7.449999999999999678e-02
1.279544950000000085e+02 7.449999999999999678e-02 -7.449999999999999678e-02
1.279544950000000085e+02 7.299999999999999545e-02 -7.299999999999999545e-02
1.281196950000000072e+02 7.299999999999999545e-02 -7.299999999999999545e-02
1.281255900000000167e+02 7.299999999999999545e-02 -7.299999999999999545e-02
1.281255900000000167e+02 7.299999999999999545e-02 -7.299999999999999545e-02
1.330669900000000325e+02 7.299999999999999545e-02 -7.299999999999999545e-02
1.330669900000000325e+02 7.299999999999999545e-02 -7.299999999999999545e-02
1.330728850000000136e+02 7.299999999999999545e-02 -7.299999999999999545e-02
1.341228849999999966e+02 7.299999999999999545e-02 -7.299999999999999545e-02
1.341287800000000061e+02 7.299999999999999545e-02 -7.299999999999999545e-02
1.341287800000000061e+02 7.299999999999999545e-02 -1.049999999999999961e-01
1.390701799999999935e+02 7.299999999999999545e-02 -1.049999999999999961e-01
1.390701799999999935e+02 7.299999999999999545e-02 -7.299999999999999545e-02
1.390760749999999746e+02 7.299999999999999545e-02 -7.299999999999999545e-02
1.391615749999999707e+02 7.299999999999999545e-02 -7.299999999999999545e-02
1.391615749999999707e+02 7.140000000000000513e-02 -7.299999999999999545e-02
1.400405749999999898e+02 7.140000000000000513e-02 -7.299999999999999545e-02
1.400405749999999898e+02 7.299999999999999545e-02 -7.299999999999999545e-02
1.401260749999999859e+02 7.299999999999999545e-02 -7.299999999999999545e-02
1.401319699999999671e+02 7.299999999999999545e-02 -7.299999999999999545e-02
1.401319699999999671e+02 7.299999999999999545e-02 -1.049999999999999961e-01
1.450733699999999544e+02 7.299999999999999545e-02 -1.049999999999999961e-01
1.450733699999999544e+02 7.299999999999999545e-02 -1.049999999999999961e-01
1.450792649999999639e+02 7.299999999999999545e-02 -1.049999999999999961e-01
1.461292649999999469e+02 7.299999999999999545e-02 -1.049999999999999961e-01
1.461351599999999564e+02 7.299999999999999545e-02 -1.049999999999999961e-01
1.461351599999999564e+02 7.299999999999999545e-02 -1.049999999999999961e-01
1.510765599999999438e+02 7.299999999999999545e-02 -1.049999999999999961e-01
1.510765599999999438e+02 7.299999999999999545e-02 -1.049999999999999961e-01
1.510824549999999249e+02 7.299999999999999545e-02 -1.049999999999999961e-01
1.521324549999999363e+02 7.299999999999999545e-02 -1.049999999999999961e-01
1.521383499999999174e+02 7.299999999999999545e-02 -1.049999999999999961e-01
1.521383499999999174e+02 7.299999999999999545e-02 -1.049999999999999961e-01
1.570797499999999047e+02 7.299999999999999545e-02 -1.049999999999999961e-01
1.570797499999999047e+02 1.049999999999999961e-01 -7.299999999999999545e-02
1.570856449999999143e+02 1.049999999999999961e-01 -7.299999999999999545e-02
1.573414449999998794e+02 1.049999999999999961e-01 -7.299999999999999545e-02
1.573414449999998794e+02 5.999999999999999778e-02 -5.999999999999999778e-02
1.579428449999998918e+02 5.999999999999999778e-02 -5.999999999999999778e-02
1.579428449999998918e+02 1.570000000000000007e-01 -7.299999999999999545e-02
1.580318449999998904e+02 1.570000000000000007e-01 -7.299999999999999545e-02
1.580318449999998904e+02 5.299999999999999850e-02 -6.700000000000000400e-02
1.591708449999998720e+02 5.299999999999999850e-02 -6.700000000000000400e-02
1.591708449999998720e+02 5.299999999999999850e-02 -6.700000000000000400e-02
1.592308449999998743e+02 5.299999999999999850e-02 -6.700000000000000400e-02
1.592308449999998743e+02 1.410000000000000142e-01 -4.900000000000000189e-02
1.593178449999998918e+02 1.410000000000000142e-01 -4.900000000000000189e-02
1.593178449999998918e+02 1.110000000000000014e-01 -7.900000000000000078e-02
1.595356449999998745e+02 1.110000000000000014e-01 -7.900000000000000078e-02
1.595415399999998556e+02 1.110000000000000014e-01 -7.900000000000000078e-02
1.595415399999998556e+02 1.049999999999999961e-01 -7.299999999999999545e-02
1.644829399999998429e+02 1.049999999999999961e-01 -7.299999999999999545e-02
1.644829399999998429e+02 1.049999999999999961e-01 -7.299999999999999545e-02
1.644888349999998525e+02 1.049999999999999961e-01 -7.299999999999999545e-02
1.649488349999998604e+02 1.049999999999999961e-01 -7.299999999999999545e-02
1.649488349999998604e+02 1.049999999999999961e-01 -7.299999999999999545e-02
1.655388349999998354e+02 1.049999999999999961e-01 -7.299999999999999545e-02
1.655447299999998449e+02 1.049999999999999961e-01 -7.299999999999999545e-02
1.655447299999998449e+02 1.049999999999999961e-01 -7.299999999999999545e-02
1.704861299999998323e+02 1.049999999999999961e-01 -7.299999999999999545e-02
1.704861299999998323e+02 7.950000000000000122e-02 -7.950000000000000122e-02
1.704920249999998134e+02 7.950000000000000122e-02 -7.950000000000000122e-02
1.715420249999998248e+02 7.950000000000000122e-02 -7.950000000000000122e-02
1.715479199999998059e+02 7.950000000000000122e-02 -7.950000000000000122e-02
1.715479199999998059e+02 1.049999999999999961e-01 -7.299999999999999545e-02
1.764893199999997933e+02 1.049999999999999961e-01 -7.299999999999999545e-02
1.764893199999997933e+02 1.049999999999999961e-01 -7.299999999999999545e-02
1.764952149999998028e+02 1.049999999999999961e-01 -7.299999999999999545e-02
1.770852149999998062e+02 1.049999999999999961e-01 -7.299999999999999545e-02
1.770852149999998062e+02 1.049999999999999961e-01 -7.299999999999999545e-02
1.775452149999997857e+02 1.049999999999999961e-01 -7.299999999999999545e-02
1.775511099999997953e+02 1.049999999999999961e-01 -7.299999999999999545e-02
1.775511099999997953e+02 1.049999999999999961e-01 -7.299999999999999545e-02
1.824925099999997826e+02 1.049999999999999961e-01 -7.299999999999999545e-02
1.824925099999997826e+02 7.299999999999999545e-02 -7.299999999999999545e-02
1.824984049999997637e+02 7.299999999999999545e-02 -7.299999999999999545e-02
1.834052049999997678e+02 7.299999999999999545e-02 -7.299999999999999545e-02
1.834052049999997678e+02 7.249999999999999500e-02 -7.249999999999999500e-02
1.835052049999997621e+02 7.249999999999999500e-02 -7.249999999999999500e-02
1.835052049999997621e+02 7.299999999999999545e-02 -7.299999999999999545e-02
1.835452049999997541e+02 7.299999999999999545e-02 -7.299999999999999545e-02
1.835452049999997541e+02 7.299999999999999545e-02 -7.299999999999999545e-02
1.835484049999997751e+02 7.299999999999999545e-02 -7.299999999999999545e-02
1.835542999999997562e+02 7.299999999999999545e-02 -7.299999999999999545e-02
1.835542999999997562e+02 1.049999999999999961e-01 -7.299999999999999545e-02
1.884956999999997436e+02 1.049999999999999961e-01 -7.299999999999999545e-02
1.884956999999997436e+02 6.470000000000000751e-02 -7.299999999999999545e-02
1.885015949999997531e+02 6.470000000000000751e-02 -7.299999999999999545e-02
1.909515949999997417e+02 6.470000000000000751e-02 -7.299999999999999545e-02
1.909574899999997228e+02 6.470000000000000751e-02 -7.299999999999999545e-02
1.909574899999997228e+02 1.049999999999999961e-01 -7.299999999999999545e-02
1.958988899999997102e+02 1.049999999999999961e-01 -7.299999999999999545e-02
1.958988899999997102e+02 1.049999999999999961e-01 -7.299999999999999545e-02
1.959047849999997197e+02 1.049999999999999961e-01 -7.299999999999999545e-02
1.969547849999997027e+02 1.049999999999999961e-01 -7.299999999999999545e-02
1.969606799999997122e+02 1.049999999999999961e-01 -7.299999999999999545e-02
1.969606799999997122e+02 1.049999999999999961e-01 -7.299999999999999545e-02
2.019020799999996996e+02 1.049999999999999961e-01 -7.299999999999999545e-02
2.019020799999996996e+02 1.049999999999999961e-01 -7.299999999999999545e-02
2.019079749999996807e+02 1.049999999999999961e-01 -7.299999999999999545e-02
2.029579749999996920e+02 1.049999999999999961e-01 -7.299999999999999545e-02
2.029638699999996732e+02 1.049999999999999961e-01 -7.299999999999999545e-02
2.029638699999996732e+02 1.049999999999999961e-01 -7.299999999999999545e-02
2.079052699999996605e+02 1.049999999999999961e-01 -7.299999999999999545e-02
2.079052699999996605e+02 7.299999999999999545e-02 -7.299999999999999545e-02
2.079111649999996700e+02 7.299999999999999545e-02 -7.299999999999999545e-02
2.089611649999996530e+02 7.299999999999999545e-02 -7.299999999999999545e-02
2.089670599999996625e+02 7.299999999999999545e-02 -7.299999999999999545e-02
2.089670599999996625e+02 7.299999999999999545e-02 -7.299999999999999545e-02
2.139084599999996499e+02 7.299999999999999545e-02 -7.299999999999999545e-02
2.139084599999996499e+02 7.299999999999999545e-02 -7.299999999999999545e-02
2.139143549999996310e+02 7.299999999999999545e-02 -7.299999999999999545e-02
2.149643549999996424e+02 7.299999999999999545e-02 -7.299999999999999545e-02
2.149702499999996235e+02 7.299999999999999545e-02 -7.299999999999999545e-02
2.149702499999996235e+02 7.299999999999999545e-02 -7.299999999999999545e-02
2.199116499999996108e+02 7.299999999999999545e-02 -7.299999999999999545e-02
2.199116499999996108e+02 7.299999999999999545e-02 -7.299999999999999545e-02
2.199175449999995919e+02 7.299999999999999545e-02 -7.299999999999999545e-02
2.200110449999995978e+02 7.299999999999999545e-02 -7.299999999999999545e-02
2.200110449999995978e+02 7.749999999999999944e-02 -7.749999999999999944e-02
2.200114449999996111e+02 7.749999999999999944e-02 -7.749999999999999944e-02
2.200114449999996111e+02 7.749999999999999944e-02 -7.749999999999999944e-02
2.209728449999995803e+02 7.749999999999999944e-02 -7.749999999999999944e-02
2.209728449999995803e+02 7.749999999999999944e-02 -7.749999999999999944e-02
2.209755699999996068e+02 7.749999999999999944e-02 -7.749999999999999944e-02
2.209755699999996068e+02 7.749999999999999944e-02 -7.749999999999999944e-02
2.210755699999996011e+02 7.749999999999999944e-02 -7.749999999999999944e-02
2.210755699999996011e+02 7.749999999999999944e-02 -7.749999999999999944e-02
2.210782949999995992e+02 7.749999999999999944e-02 -7.749999999999999944e-02
2.210782949999995992e+02 7.749999999999999944e-02 -7.749999999999999944e-02
2.221200949999995942e+02 7.749999999999999944e-02 -7.749999999999999944e-02
2.221200949999995942e+02 7.749999999999999944e-02 -7.749999999999999944e-02
2.221228199999995923e+02 7.749999999999999944e-02 -7.749999999999999944e-02
2.221228199999995923e+02 7.749999999999999944e-02 -7.749999999999999944e-02
2.222228199999995866e+02 7.749999999999999944e-02 -7.749999999999999944e-02
2.222228199999995866e+02 7.749999999999999944e-02 -7.749999999999999944e-02
2.222255449999996131e+02 7.749999999999999944e-02 -7.749999999999999944e-02
2.222255449999996131e+02 7.749999999999999944e-02 -7.749999999999999944e-02
2.223214449999996134e+02 7.749999999999999944e-02 -7.749999999999999944e-02
2.223214449999996134e+02 7.299999999999999545e-02 -7.299999999999999545e-02
2.223675449999996090e+02 7.299999999999999545e-02 -7.299999999999999545e-02
2.223734399999995901e+02 7.299999999999999545e-02 -7.299999999999999545e-02
2.223734399999995901e+02 7.299999999999999545e-02 -7.299999999999999545e-02
2.273148399999995775e+02 7.299999999999999545e-02 -7.299999999999999545e-02
2.273148399999995775e+02 7.299999999999999545e-02 -7.299999999999999545e-02
2.273207349999995870e+02 7.299999999999999545e-02 -7.299999999999999545e-02
2.276307349999995893e+02 7.299999999999999545e-02 -7.299999999999999545e-02
2.276307349999995893e+02 7.299999999999999545e-02 -7.299999999999999545e-02
2.283707349999995699e+02 7.299999999999999545e-02 -7.299999999999999545e-02
2.283766299999995795e+02 7.299999999999999545e-02 -7.299999999999999545e-02
2.283766299999995795e+02 7.299999999999999545e-02 -7.299999999999999545e-02
2.333180299999995668e+02 7.299999999999999545e-02 -7.299999999999999545e-02
2.333180299999995668e+02 7.299999999999999545e-02 -7.299999999999999545e-02
2.333239249999995479e+02 7.299999999999999545e-02 -7.299999999999999545e-02
2.341939249999995525e+02 7.299999999999999545e-02 -7.299999999999999545e-02
2.341939249999995525e+02 7.299999999999999545e-02 -7.299999999999999545e-02
2.343739249999995593e+02 7.299999999999999545e-02 -7.299999999999999545e-02
2.343798199999995404e+02 7.299999999999999545e-02 -7.299999999999999545e-02
2.343798199999995404e+02 7.299999999999999545e-02 -7.299999999999999545e-02
2.393212199999995278e+02 7.299999999999999545e-02 -7.299999999999999545e-02
2.393212199999995278e+02 7.299999999999999545e-02 -7.299999999999999545e-02
2.393271149999995373e+02 7.299999999999999545e-02 -7.299999999999999545e-02
2.403771149999995203e+02 7.299999999999999545e-02 -7.299999999999999545e-02
2.403830099999995014e+02 7.299999999999999545e-02 -7.299999999999999545e-02
2.403830099999995014e+02 7.299999999999999545e-02 -7.299999999999999545e-02
2.453244099999995171e+02 7.299999999999999545e-02 -7.299999999999999545e-02
2.453244099999995171e+02 7.299999999999999545e-02 -7.299999999999999545e-02
2.453303049999994982e+02 7.299999999999999545e-02 -7.299999999999999545e-02
2.456980049999995117e+02 7.299999999999999545e-02 -7.299999999999999545e-02
2.456980049999995117e+02 5.999999999999999778e-02 -5.999999999999999778e-02
2.462787049999995190e+02 5.999999999999999778e-02 -5.999999999999999778e-02
2.462787049999995190e+02 7.249999999999999500e-02 -7.249999999999999500e-02
2.463803049999995380e+02 7.249999999999999500e-02 -7.249999999999999500e-02
2.463861999999995192e+02 7.249999999999999500e-02 -7.249999999999999500e-02
2.463861999999995192e+02 7.299999999999999545e-02 -7.299999999999999545e-02
2.513275999999995065e+02 7.299999999999999545e-02 -7.299999999999999545e-02
2.513275999999995065e+02 9.500000000000000111e-02 -9.500000000000000111e-02
2.513334949999994876e+02 9.500000000000000111e-02 -9.500000000000000111e-02
2.527334949999994933e+02 9.500000000000000111e-02 -9.500000000000000111e-02
2.527334949999994933e+02 9.500000000000000111e-02 -9.500000000000000111e-02
2.537834949999995047e+02 9.500000000000000111e-02 -9.500000000000000111e-02
2.537893899999994858e+02 9.500000000000000111e-02 -9.500000000000000111e-02
2.537893899999994858e+02 1.049999999999999961e-01 -7.299999999999999545e-02
2.562952499999994984e+02 1.049999999999999961e-01 -7.299999999999999545e-02
2.562952499999994984e+02 5.999999999999999778e-02 -1.180000000000000077e-01
2.583663399999994681e+02 5.999999999999999778e-02 -1.180000000000000077e-01
2.583663399999994681e+02 7.299999999999999545e-02 -7.299999999999999545e-02
2.587261399999994751e+02 7.299999999999999545e-02 -7.299999999999999545e-02
2.587261399999994751e+02 7.299999999999999545e-02 -7.299999999999999545e-02
2.587307899999994447e+02 7.299999999999999545e-02 -7.299999999999999545e-02
2.587307899999994447e+02 5.999999999999999778e-02 -7.299999999999999545e-02
2.587366849999994542e+02 5.999999999999999778e-02 -7.299999999999999545e-02
2.597866849999994656e+02 5.999999999999999778e-02 -7.299999999999999545e-02
2.597925799999994183e+02 5.999999999999999778e-02 -7.299999999999999545e-02
2.597925799999994183e+02 1.130000000000000032e-01 -7.299999999999999545e-02
2.603217799999994213e+02 1.130000000000000032e-01 -7.299999999999999545e-02
2.603217799999994213e+02 1.049999999999999961e-01 -7.299999999999999545e-02
2.622623799999994390e+02 1.049999999999999961e-01 -7.299999999999999545e-02
2.622623799999994390e+02 1.049999999999999961e-01 -7.299999999999999545e-02
2.637513799999994148e+02 1.049999999999999961e-01 -7.299999999999999545e-02
2.637513799999994148e+02 1.049999999999999961e-01 -8.000000000000000167e-02
2.647240599999994402e+02 1.049999999999999961e-01 -8.000000000000000167e-02
2.647240599999994402e+02 1.049999999999999961e-01 -8.000000000000000167e-02
2.647339799999994057e+02 1.049999999999999961e-01 -8.000000000000000167e-02
2.647339799999994057e+02 9.500000000000000111e-02 -9.500000000000000111e-02
2.647398749999994152e+02 9.500000000000000111e-02 -9.500000000000000111e-02
2.657898749999994266e+02 9.500000000000000111e-02 -9.500000000000000111e-02
2.657957699999994361e+02 9.500000000000000111e-02 -9.500000000000000111e-02
2.657957699999994361e+02 1.137999999999999984e-01 -7.299999999999999545e-02
2.679945699999994417e+02 1.137999999999999984e-01 -7.299999999999999545e-02
2.679945699999994417e+02 1.049999999999999961e-01 -7.299999999999999545e-02
2.707371699999994235e+02 1.049999999999999961e-01 -7.299999999999999545e-02
2.707371699999994235e+02 7.299999999999999545e-02 -7.299999999999999545e-02
2.707430649999994330e+02 7.299999999999999545e-02 -7.299999999999999545e-02
2.710950649999994084e+02 7.299999999999999545e-02 -7.299999999999999545e-02
2.710950649999994084e+02 7.299999999999999545e-02 -7.299999999999999545e-02
2.712450649999994425e+02 7.299999999999999545e-02 -7.299999999999999545e-02
2.712450649999994425e+02 7.299999999999999545e-02 -7.299999999999999545e-02
2.714150649999994016e+02 7.299999999999999545e-02 -7.299999999999999545e-02
2.714150649999994016e+02 9.500000000000000111e-02 -9.500000000000000111e-02
2.717930649999994444e+02 9.500000000000000111e-02 -9.500000000000000111e-02
2.717989599999994539e+02 9.500000000000000111e-02 -9.500000000000000111e-02
2.717989599999994539e+02 7.299999999999999545e-02 -7.299999999999999545e-02
2.767403599999994412e+02 7.299999999999999545e-02 -7.299999999999999545e-02
2.767403599999994412e+02 7.499999999999999722e-02 -7.499999999999999722e-02
2.767462549999995076e+02 7.499999999999999722e-02 -7.499999999999999722e-02
2.777962549999994621e+02 7.499999999999999722e-02 -7.499999999999999722e-02
2.778021499999994717e+02 7.499999999999999722e-02 -7.499999999999999722e-02
2.778021499999994717e+02 7.299999999999999545e-02 -7.299999999999999545e-02
2.827435499999995159e+02 7.299999999999999545e-02 -7.299999999999999545e-02
2.827435499999995159e+02 7.299999999999999545e-02 -7.299999999999999545e-02
2.827494449999995254e+02 7.299999999999999545e-02 -7.299999999999999545e-02
2.828309449999995309e+02 7.299999999999999545e-02 -7.299999999999999545e-02
2.828309449999995309e+02 7.749999999999999944e-02 -7.749999999999999944e-02
2.828313449999995441e+02 7.749999999999999944e-02 -7.749999999999999944e-02
2.828313449999995441e+02 7.749999999999999944e-02 -7.749999999999999944e-02
2.837927449999995702e+02 7.749999999999999944e-02 -7.749999999999999944e-02
2.837927449999995702e+02 7.749999999999999944e-02 -7.749999999999999944e-02
2.837954699999995682e+02 7.749999999999999944e-02 -7.749999999999999944e-02
2.837954699999995682e+02 7.749999999999999944e-02 -7.749999999999999944e-02
2.838954699999995910e+02 7.749999999999999944e-02 -7.749999999999999944e-02
2.838954699999995910e+02 7.749999999999999944e-02 -7.749999999999999944e-02
2.838981949999995322e+02 7.749999999999999944e-02 -7.749999999999999944e-02
2.838981949999995322e+02 7.749999999999999944e-02 -7.749999999999999944e-02
2.849399949999995556e+02 7.749999999999999944e-02 -7.749999999999999944e-02
2.849399949999995556e+02 7.749999999999999944e-02 -7.749999999999999944e-02
2.849427199999994968e+02 7.749999999999999944e-02 -7.749999999999999944e-02
2.849427199999994968e+02 7.749999999999999944e-02 -7.749999999999999944e-02
2.850427199999995196e+02 7.749999999999999944e-02 -7.749999999999999944e-02
2.850427199999995196e+02 7.749999999999999944e-02 -7.749999999999999944e-02
2.850454449999994608e+02 7.749999999999999944e-02 -7.749999999999999944e-02
2.850454449999994608e+02 7.749999999999999944e-02 -7.749999999999999944e-02
2.851413449999994896e+02 7.749999999999999944e-02 -7.749999999999999944e-02
2.851413449999994896e+02 7.299999999999999545e-02 -7.299999999999999545e-02
2.851874449999994567e+02 7.299999999999999545e-02 -7.299999999999999545e-02
2.851874449999994567e+02 7.299999999999999545e-02 -7.299999999999999545e-02
2.851899449999995113e+02 7.299999999999999545e-02 -7.299999999999999545e-02
2.851899449999995113e+02 7.299999999999999545e-02 -7.299999999999999545e-02
2.851994449999994572e+02 7.299999999999999545e-02 -7.299999999999999545e-02
2.852053399999995236e+02 7.299999999999999545e-02 -7.299999999999999545e-02
2.852053399999995236e+02 7.299999999999999545e-02 -7.299999999999999545e-02
2.901467399999995109e+02 7.299999999999999545e-02 -7.299999999999999545e-02
2.901467399999995109e+02 7.299999999999999545e-02 -7.299999999999999545e-02
2.901526349999995205e+02 7.299999999999999545e-02 -7.299999999999999545e-02
2.912026349999995318e+02 7.299999999999999545e-02 -7.299999999999999545e-02
2.912085299999995414e+02 7.299999999999999545e-02 -7.299999999999999545e-02
2.912085299999995414e+02 7.299999999999999545e-02 -7.299999999999999545e-02
2.961499299999995856e+02 7.299999999999999545e-02 -7.299999999999999545e-02
2.961499299999995856e+02 7.299999999999999545e-02 -7.299999999999999545e-02
2.961558249999995951e+02 7.299999999999999545e-02 -7.299999999999999545e-02
2.972058249999996065e+02 7.299999999999999545e-02 -7.299999999999999545e-02
2.972117199999996160e+02 7.299999999999999545e-02 -7.299999999999999545e-02
2.972117199999996160e+02 7.299999999999999545e-02 -7.299999999999999545e-02
3.021531199999996602e+02 7.299999999999999545e-02 -7.299999999999999545e-02
3.021531199999996602e+02 7.299999999999999545e-02 -7.299999999999999545e-02
3.021590149999996697e+02 7.299999999999999545e-02 -7.299999999999999545e-02
3.032090149999996811e+02 7.299999999999999545e-02 -7.299999999999999545e-02
3.032149099999996906e+02 7.299999999999999545e-02 -7.299999999999999545e-02
3.032149099999996906e+02 7.299999999999999545e-02 -7.299999999999999545e-02
3.081563099999997348e+02 7.299999999999999545e-02 -7.299999999999999545e-02
3.081563099999997348e+02 5.999999999999999778e-02 -5.999999999999999778e-02
3.081622049999997444e+02 5.999999999999999778e-02 -5.999999999999999778e-02
3.091106049999997367e+02 5.999999999999999778e-02 -5.999999999999999778e-02
3.091106049999997367e+02 7.249999999999999500e-02 -7.249999999999999500e-02
3.092122049999996989e+02 7.249999999999999500e-02 -7.249999999999999500e-02
3.092180999999997653e+02 7.249999999999999500e-02 -7.249999999999999500e-02
3.092180999999997653e+02 7.299999999999999545e-02 -7.299999999999999545e-02
3.141594999999997526e+02 7.299999999999999545e-02 -7.299999999999999545e-02
3.141594999999997526e+02 7.299999999999999545e-02 -7.299999999999999545e-02
3.141653949999997621e+02 7.299999999999999545e-02 -7.299999999999999545e-02
3.142468949999997676e+02 7.299999999999999545e-02 -7.299999999999999545e-02
3.142468949999997676e+02 7.749999999999999944e-02 -7.749999999999999944e-02
3.142472949999997809e+02 7.749999999999999944e-02 -7.749999999999999944e-02
3.142472949999997809e+02 7.749999999999999944e-02 -7.749999999999999944e-02
3.152086949999998069e+02 7.749999999999999944e-02 -7.749999999999999944e-02
3.152086949999998069e+02 7.749999999999999944e-02 -7.749999999999999944e-02
3.152114199999998050e+02 7.749999999999999944e-02 -7.749999999999999944e-02
3.152114199999998050e+02 7.749999999999999944e-02 -7.749999999999999944e-02
3.153114199999998277e+02 7.749999999999999944e-02 -7.749999999999999944e-02
3.153114199999998277e+02 7.749999999999999944e-02 -7.749999999999999944e-02
3.153141449999997690e+02 7.749999999999999944e-02 -7.749999999999999944e-02
3.153141449999997690e+02 7.749999999999999944e-02 -7.749999999999999944e-02
3.163559449999997923e+02 7.749999999999999944e-02 -7.749999999999999944e-02
3.163559449999997923e+02 7.749999999999999944e-02 -7.749999999999999944e-02
3.163586699999997336e+02 7.749999999999999944e-02 -7.749999999999999944e-02
3.163586699999997336e+02 7.749999999999999944e-02 -7.749999999999999944e-02
3.164586699999997563e+02 7.749999999999999944e-02 -7.749999999999999944e-02
3.164586699999997563e+02 7.749999999999999944e-02 -7.749999999999999944e-02
3.164613949999997544e+02 7.749999999999999944e-02 -7.749999999999999944e-02
3.164613949999997544e+02 7.749999999999999944e-02 -7.749999999999999944e-02
3.165572949999997263e+02 7.749999999999999944e-02 -7.749999999999999944e-02
3.165572949999997263e+02 7.299999999999999545e-02 -7.299999999999999545e-02
3.166033949999997503e+02 7.299999999999999545e-02 -7.299999999999999545e-02
3.166033949999997503e+02 7.299999999999999545e-02 -7.299999999999999545e-02
3.166058949999997481e+02 7.299999999999999545e-02 -7.299999999999999545e-02
3.166058949999997481e+02 7.299999999999999545e-02 -7.299999999999999545e-02
3.166153949999997508e+02 7.299999999999999545e-02 -7.299999999999999545e-02
3.166212899999997603e+02 7.299999999999999545e-02 -7.299999999999999545e-02
3.166212899999997603e+02 7.299999999999999545e-02 -7.299999999999999545e-02
3.215626899999997477e+02 7.299999999999999545e-02 -7.299999999999999545e-02
3.215626899999997477e+02 5.999999999999999778e-02 -5.999999999999999778e-02
3.215685849999998140e+02 5.999999999999999778e-02 -5.999999999999999778e-02
3.226185849999997686e+02 5.999999999999999778e-02 -5.999999999999999778e-02
3.226244799999998349e+02 5.999999999999999778e-02 -5.999999999999999778e-02
3.226244799999998349e+02 7.299999999999999545e-02 -7.299999999999999545e-02
3.275658799999998223e+02 7.299999999999999545e-02 -7.299999999999999545e-02
3.275658799999998223e+02 7.299999999999999545e-02 -7.299999999999999545e-02
3.275717749999998318e+02 7.299999999999999545e-02 -7.299999999999999545e-02
3.286217749999998432e+02 7.299999999999999545e-02 -7.299999999999999545e-02
3.286276699999998527e+02 7.299999999999999545e-02 -7.299999999999999545e-02
3.286276699999998527e+02 7.299999999999999545e-02 -7.299999999999999545e-02
3.335690699999998969e+02 7.299999999999999545e-02 -7.299999999999999545e-02
3.335690699999998969e+02 5.999999999999999778e-02 -5.999999999999999778e-02
3.335749649999999065e+02 5.999999999999999778e-02 -5.999999999999999778e-02
3.342999649999999292e+02 5.999999999999999778e-02 -5.999999999999999778e-02
3.342999649999999292e+02 5.999999999999999778e-02 -5.999999999999999778e-02
3.346249649999999178e+02 5.999999999999999778e-02 -5.999999999999999778e-02
3.346308599999999274e+02 5.999999999999999778e-02 -5.999999999999999778e-02
3.346308599999999274e+02 7.299999999999999545e-02 -7.299999999999999545e-02
3.395722599999999716e+02 7.299999999999999545e-02 -7.299999999999999545e-02
3.395722599999999716e+02 7.299999999999999545e-02 -7.299999999999999545e-02
3.395781549999999811e+02 7.299999999999999545e-02 -7.299999999999999545e-02
3.406281549999999925e+02 7.299999999999999545e-02 -7.299999999999999545e-02
3.406340500000000020e+02 7.299999999999999545e-02 -7.299999999999999545e-02
3.406340500000000020e+02 7.299999999999999545e-02 -7.299999999999999545e-02
3.455754499999999894e+02 7.299999999999999545e-02 -7.299999999999999545e-02
3.455754499999999894e+02 7.299999999999999545e-02 -7.299999999999999545e-02
3.455813450000000557e+02 7.299999999999999545e-02 -7.299999999999999545e-02
3.456748450000000048e+02 7.299999999999999545e-02 -7.299999999999999545e-02
3.456748450000000048e+02 7.749999999999999944e-02 -7.749999999999999944e-02
3.456752450000000749e+02 7.749999999999999944e-02 -7.749999999999999944e-02
3.456752450000000749e+02 7.749999999999999944e-02 -7.749999999999999944e-02
3.466366450000001009e+02 7.749999999999999944e-02 -7.749999999999999944e-02
3.466366450000001009e+02 7.749999999999999944e-02 -7.749999999999999944e-02
3.466393700000000422e+02 7.749999999999999944e-02 -7.749999999999999944e-02
3.466393700000000422e+02 7.749999999999999944e-02 -7.749999999999999944e-02
3.467393700000000649e+02 7.749999999999999944e-02 -7.749999999999999944e-02
3.467393700000000649e+02 7.749999999999999944e-02 -7.749999999999999944e-02
3.467420950000000062e+02 7.749999999999999944e-02 -7.749999999999999944e-02
3.467420950000000062e+02 7.749999999999999944e-02 -7.749999999999999944e-02
3.477838950000000295e+02 7.749999999999999944e-02 -7.749999999999999944e-02
3.477838950000000295e+02 7.749999999999999944e-02 -7.749999999999999944e-02
3.477866199999999708e+02 7.749999999999999944e-02 -7.749999999999999944e-02
3.477866199999999708e+02 7.749999999999999944e-02 -7.749999999999999944e-02
3.478866199999999935e+02 7.749999999999999944e-02 -7.749999999999999944e-02
3.478866199999999935e+02 7.749999999999999944e-02 -7.749999999999999944e-02
3.478893449999999916e+02 7.749999999999999944e-02 -7.749999999999999944e-02
3.478893449999999916e+02 7.749999999999999944e-02 -7.749999999999999944e-02
3.479852450000000204e+02 7.749999999999999944e-02 -7.749999999999999944e-02
3.479852450000000204e+02 1.250000000000000000e-01 -1.250000000000000000e-01
3.480313449999999875e+02 1.250000000000000000e-01 -1.250000000000000000e-01
3.480372399999999971e+02 1.250000000000000000e-01 -1.250000000000000000e-01
3.480372399999999971e+02 7.299999999999999545e-02 -1.049999999999999961e-01
3.529786400000000413e+02 7.299999999999999545e-02 -1.049999999999999961e-01
3.529786400000000413e+02 7.599999999999999811e-02 -7.299999999999999545e-02
3.529845350000000508e+02 7.599999999999999811e-02 -7.299999999999999545e-02
3.540345350000000053e+02 7.599999999999999811e-02 -7.299999999999999545e-02
3.540404300000000717e+02 7.599999999999999811e-02 -7.299999999999999545e-02
3.540404300000000717e+02 7.299999999999999545e-02 -1.049999999999999961e-01
3.589818300000000590e+02 7.299999999999999545e-02 -1.049999999999999961e-01
3.589818300000000590e+02 1.049999999999999961e-01 -7.299999999999999545e-02
3.589877250000000686e+02 1.049999999999999961e-01 -7.299999999999999545e-02
3.600377250000000799e+02 1.049999999999999961e-01 -7.299999999999999545e-02
3.600436200000000895e+02 1.049999999999999961e-01 -7.299999999999999545e-02
3.600436200000000895e+02 1.049999999999999961e-01 -7.299999999999999545e-02
3.649850200000001337e+02 1.049999999999999961e-01 -7.299999999999999545e-02
3.649850200000001337e+02 1.110000000000000014e-01 -7.900000000000000078e-02
3.649909150000001432e+02 1.110000000000000014e-01 -7.900000000000000078e-02
3.660409150000001546e+02 1.110000000000000014e-01 -7.900000000000000078e-02
3.660468100000001641e+02 1.110000000000000014e-01 -7.900000000000000078e-02
3.660468100000001641e+02 1.049999999999999961e-01 -7.299999999999999545e-02
3.709882100000002083e+02 1.049999999999999961e-01 -7.299999999999999545e-02
3.709882100000002083e+02 7.299999999999999545e-02 -7.299999999999999545e-02
3.709941050000002178e+02 7.299999999999999545e-02 -7.299999999999999545e-02
3.719441050000002065e+02 7.299999999999999545e-02 -7.299999999999999545e-02
3.719441050000002065e+02 7.249999999999999500e-02 -7.249999999999999500e-02
3.720441050000002292e+02 7.249999999999999500e-02 -7.249999999999999500e-02
3.720500000000002387e+02 7.249999999999999500e-02 -7.249999999999999500e-02
3.720500000000002387e+02 1.049999999999999961e-01 -7.299999999999999545e-02
3.723194500000002449e+02 1.049999999999999961e-01 -7.299999999999999545e-02
3.723194500000002449e+02 1.049999999999999961e-01 -7.299999999999999545e-02
3.747013500000002750e+02 1.049999999999999961e-01 -7.299999999999999545e-02
3.747013500000002750e+02 1.137999999999999984e-01 -7.299999999999999545e-02
3.767219500000002199e+02 1.137999999999999984e-01 -7.299999999999999545e-02
3.767219500000002199e+02 1.137999999999999984e-01 -7.299999999999999545e-02
3.769914000000002829e+02 1.137999999999999984e-01 -7.299999999999999545e-02
3.769914000000002829e+02 9.450000000000000067e-02 -9.450000000000000067e-02
3.769972950000002925e+02 9.450000000000000067e-02 -9.450000000000000067e-02
3.773612950000002684e+02 9.450000000000000067e-02 -9.450000000000000067e-02
3.773612950000002684e+02 7.299999999999999545e-02 -7.299999999999999545e-02
3.794456950000002848e+02 7.299999999999999545e-02 -7.299999999999999545e-02
3.794456950000002848e+02 7.299999999999999545e-02 -7.299999999999999545e-02
3.794472950000002811e+02 7.299999999999999545e-02 -7.299999999999999545e-02
3.794531900000002906e+02 7.299999999999999545e-02 -7.299999999999999545e-02
3.794531900000002906e+02 7.299999999999999545e-02 -7.299999999999999545e-02
3.843945900000003348e+02 7.299999999999999545e-02 -7.299999999999999545e-02
3.843945900000003348e+02 7.299999999999999545e-02 -7.299999999999999545e-02
3.844004850000003444e+02 7.299999999999999545e-02 -7.299999999999999545e-02
3.854504850000003557e+02 7.299999999999999545e-02 -7.299999999999999545e-02
3.854563800000003653e+02 7.299999999999999545e-02 -7.299999999999999545e-02
3.854563800000003653e+02 7.299999999999999545e-02 -7.299999999999999545e-02
3.879270800000003874e+02 7.299999999999999545e-02 -7.299999999999999545e-02
3.879270800000003874e+02 1.049999999999999961e-01 -7.299999999999999545e-02
3.903977800000003526e+02 1.049999999999999961e-01 -7.299999999999999545e-02
3.903977800000003526e+02 9.500000000000000111e-02 -9.500000000000000111e-02
3.904036750000004190e+02 9.500000000000000111e-02 -9.500000000000000111e-02
3.906456750000003808e+02 9.500000000000000111e-02 -9.500000000000000111e-02
3.906456750000003808e+02 8.150000000000000300e-02 -8.150000000000000300e-02
3.914536750000003735e+02 8.150000000000000300e-02 -8.150000000000000300e-02
3.914595700000004399e+02 8.150000000000000300e-02 -8.150000000000000300e-02
3.914595700000004399e+02 1.049999999999999961e-01 -7.299999999999999545e-02
3.964009700000004273e+02 1.049999999999999961e-01 -7.299999999999999545e-02
3.964009700000004273e+02 7.299999999999999545e-02 -7.299999999999999545e-02
3.964068650000004368e+02 7.299999999999999545e-02 -7.299999999999999545e-02
3.967803650000004723e+02 7.299999999999999545e-02 -7.299999999999999545e-02
3.967803650000004723e+02 5.999999999999999778e-02 -5.999999999999999778e-02
3.974568650000004482e+02 5.999999999999999778e-02 -5.999999999999999778e-02
3.974627600000004577e+02 5.999999999999999778e-02 -5.999999999999999778e-02
3.974627600000004577e+02 7.299999999999999545e-02 -7.299999999999999545e-02
4.024041600000005019e+02 7.299999999999999545e-02 -7.299999999999999545e-02
4.024041600000005019e+02 7.299999999999999545e-02 -7.299999999999999545e-02
4.024100550000005114e+02 7.299999999999999545e-02 -7.299999999999999545e-02
4.031600550000005114e+02 7.299999999999999545e-02 -7.299999999999999545e-02
4.031600550000005114e+02 7.299999999999999545e-02 -7.299999999999999545e-02
4.034600550000005228e+02 7.299999999999999545e-02 -7.299999999999999545e-02
4.034659500000005323e+02 7.299999999999999545e-02 -7.299999999999999545e-02
4.034659500000005323e+02 7.299999999999999545e-02 -7.299999999999999545e-02
4.084073500000005765e+02 7.299999999999999545e-02 -7.299999999999999545e-02
4.084073500000005765e+02 7.299999999999999545e-02 -7.299999999999999545e-02
4.084132450000005861e+02 7.299999999999999545e-02 -7.299999999999999545e-02
4.085067450000005920e+02 7.299999999999999545e-02 -7.299999999999999545e-02
4.085067450000005920e+02 7.749999999999999944e-02 -7.749999999999999944e-02
4.085071450000006053e+02 7.749999999999999944e-02 -7.749999999999999944e-02
4.085071450000006053e+02 7.749999999999999944e-02 -7.749999999999999944e-02
4.094685450000006313e+02 7.749999999999999944e-02 -7.749999999999999944e-02
4.094685450000006313e+02 7.749999999999999944e-02 -7.749999999999999944e-02
4.094712700000005725e+02 7.749999999999999944e-02 -7.749999999999999944e-02
4.094712700000005725e+02 7.749999999999999944e-02 -7.749999999999999944e-02
4.095712700000005952e+02 7.749999999999999944e-02 -7.749999999999999944e-02
4.095712700000005952e+02 7.749999999999999944e-02 -7.749999999999999944e-02
4.095739950000005933e+02 7.749999999999999944e-02 -7.749999999999999944e-02
4.095739950000005933e+02 7.749999999999999944e-02 -7.749999999999999944e-02
4.106157950000005599e+02 7.749999999999999944e-02 -7.749999999999999944e-02
4.106157950000005599e+02 7.749999999999999944e-02 -7.749999999999999944e-02
4.106185200000005580e+02 7.749999999999999944e-02 -7.749999999999999944e-02
4.106185200000005580e+02 7.749999999999999944e-02 -7.749999999999999944e-02
4.107185200000005239e+02 7.749999999999999944e-02 -7.749999999999999944e-02
4.107185200000005239e+02 7.749999999999999944e-02 -7.749999999999999944e-02
4.107212450000005219e+02 7.749999999999999944e-02 -7.749999999999999944e-02
4.107212450000005219e+02 7.749999999999999944e-02 -7.749999999999999944e-02
4.108171450000005507e+02 7.749999999999999944e-02 -7.749999999999999944e-02
4.108171450000005507e+02 7.299999999999999545e-02 -7.299999999999999545e-02
4.108632450000005178e+02 7.299999999999999545e-02 -7.299999999999999545e-02
4.108691400000005274e+02 7.299999999999999545e-02 -7.299999999999999545e-02
4.108691400000005274e+02 7.299999999999999545e-02 -7.299999999999999545e-02
4.158105400000005716e+02 7.299999999999999545e-02 -7.299999999999999545e-02
4.158105400000005716e+02 7.299999999999999545e-02 -7.299999999999999545e-02
4.158164350000005811e+02 7.299999999999999545e-02 -7.299999999999999545e-02
4.168664350000005925e+02 7.299999999999999545e-02 -7.299999999999999545e-02
4.168723300000006020e+02 7.299999999999999545e-02 -7.299999999999999545e-02
4.168723300000006020e+02 7.299999999999999545e-02 -7.299999999999999545e-02
4.218137300000006462e+02 7.299999999999999545e-02 -7.299999999999999545e-02
4.218137300000006462e+02 7.299999999999999545e-02 -7.299999999999999545e-02
4.218196250000006557e+02 7.299999999999999545e-02 -7.299999999999999545e-02
4.221430250000006481e+02 7.299999999999999545e-02 -7.299999999999999545e-02
4.221430250000006481e+02 5.999999999999999778e-02 -5.999999999999999778e-02
4.228696250000006671e+02 5.999999999999999778e-02 -5.999999999999999778e-02
4.228755200000006766e+02 5.999999999999999778e-02 -5.999999999999999778e-02
4.228755200000006766e+02 7.299999999999999545e-02 -7.299999999999999545e-02
4.278169200000006640e+02 7.299999999999999545e-02 -7.299999999999999545e-02
4.278169200000006640e+02 7.299999999999999545e-02 -7.299999999999999545e-02
4.278228150000006735e+02 7.299999999999999545e-02 -7.299999999999999545e-02
4.288728150000006849e+02 7.299999999999999545e-02 -7.299999999999999545e-02
4.288787100000006944e+02 7.299999999999999545e-02 -7.299999999999999545e-02
4.288787100000006944e+02 7.299999999999999545e-02 -7.299999999999999545e-02
4.338201100000007386e+02 7.299999999999999545e-02 -7.299999999999999545e-02
4.338201100000007386e+02 5.999999999999999778e-02 -5.999999999999999778e-02
4.338260050000007482e+02 5.999999999999999778e-02 -5.999999999999999778e-02
4.347760050000007368e+02 5.999999999999999778e-02 -5.999999999999999778e-02
4.347760050000007368e+02 7.249999999999999500e-02 -7.249999999999999500e-02
4.348760050000007595e+02 7.249999999999999500e-02 -7.249999999999999500e-02
4.348819000000007691e+02 7.249999999999999500e-02 -7.249999999999999500e-02
4.348819000000007691e+02 7.299999999999999545e-02 -7.299999999999999545e-02
4.398233000000008133e+02 7.299999999999999545e-02 -7.299999999999999545e-02
4.398233000000008133e+02 7.349999999999999589e-02 -7.349999999999999589e-02
4.398291950000008228e+02 7.349999999999999589e-02 -7.349999999999999589e-02
4.422791950000008114e+02 7.349999999999999589e-02 -7.349999999999999589e-02
4.422850900000008210e+02 7.349999999999999589e-02 -7.349999999999999589e-02
4.422850900000008210e+02 7.299999999999999545e-02 -7.299999999999999545e-02
4.472264900000008652e+02 7.299999999999999545e-02 -7.299999999999999545e-02
4.472264900000008652e+02 7.299999999999999545e-02 -7.299999999999999545e-02
4.472323850000008747e+02 7.299999999999999545e-02 -7.299999999999999545e-02
4.482823850000008861e+02 7.299999999999999545e-02 -7.299999999999999545e-02
4.482882800000008956e+02 7.299999999999999545e-02 -7.299999999999999545e-02
4.482882800000008956e+02 7.299999999999999545e-02 -7.299999999999999545e-02
4.532296800000009398e+02 7.299999999999999545e-02 -7.299999999999999545e-02
4.532296800000009398e+02 7.299999999999999545e-02 -7.299999999999999545e-02
4.532355750000009493e+02 7.299999999999999545e-02 -7.299999999999999545e-02
4.533200750000009407e+02 7.299999999999999545e-02 -7.299999999999999545e-02
4.533200750000009407e+02 1.049999999999999961e-01 -7.299999999999999545e-02
4.542855750000009607e+02 1.049999999999999961e-01 -7.299999999999999545e-02
4.542914700000009702e+02 1.049999999999999961e-01 -7.299999999999999545e-02
4.542914700000009702e+02 1.049999999999999961e-01 -7.299999999999999545e-02
4.592328700000009576e+02 1.049999999999999961e-01 -7.299999999999999545e-02
4.592328700000009576e+02 7.299999999999999545e-02 -7.299999999999999545e-02
4.592387650000010240e+02 7.299999999999999545e-02 -7.299999999999999545e-02
4.602887650000009785e+02 7.299999999999999545e-02 -7.299999999999999545e-02
4.602946600000010449e+02 7.299999999999999545e-02 -7.299999999999999545e-02
4.602946600000010449e+02 7.299999999999999545e-02 -7.299999999999999545e-02
4.652360600000010322e+02 7.299999999999999545e-02 -7.299999999999999545e-02
4.652360600000010322e+02 7.299999999999999545e-02 -7.299999999999999545e-02
4.652419550000010418e+02 7.299999999999999545e-02 -7.299999999999999545e-02
4.659669550000010645e+02 7.299999999999999545e-02 -7.299999999999999545e-02
4.659669550000010645e+02 7.299999999999999545e-02 -7.299999999999999545e-02
4.662919550000010531e+02 7.299999999999999545e-02 -7.299999999999999545e-02
4.662978500000010627e+02 7.299999999999999545e-02 -7.299999999999999545e-02
4.662978500000010627e+02 7.299999999999999545e-02 -7.299999999999999545e-02
4.712392500000011069e+02 7.299999999999999545e-02 -7.299999999999999545e-02
4.712392500000011069e+02 7.299999999999999545e-02 -7.299999999999999545e-02
4.712451450000011164e+02 7.299999999999999545e-02 -7.299999999999999545e-02
4.713266450000011218e+02 7.299999999999999545e-02 -7.299999999999999545e-02
4.713266450000011218e+02 7.749999999999999944e-02 -7.749999999999999944e-02
4.713270450000011351e+02 7.749999999999999944e-02 -7.749999999999999944e-02
4.713270450000011351e+02 7.749999999999999944e-02 -7.749999999999999944e-02
4.722884450000011611e+02 7.749999999999999944e-02 -7.749999999999999944e-02
4.722884450000011611e+02 7.749999999999999944e-02 -7.749999999999999944e-02
4.722911700000011592e+02 7.749999999999999944e-02 -7.749999999999999944e-02
4.722911700000011592e+02 7.749999999999999944e-02 -7.749999999999999944e-02
4.723911700000011251e+02 7.749999999999999944e-02 -7.749999999999999944e-02
4.723911700000011251e+02 7.749999999999999944e-02 -7.749999999999999944e-02
4.723938950000011232e+02 7.749999999999999944e-02 -7.749999999999999944e-02
4.723938950000011232e+02 7.749999999999999944e-02 -7.749999999999999944e-02
4.734356950000010897e+02 7.749999999999999944e-02 -7.749999999999999944e-02
4.734356950000010897e+02 7.749999999999999944e-02 -7.749999999999999944e-02
4.734384200000010878e+02 7.749999999999999944e-02 -7.749999999999999944e-02
4.734384200000010878e+02 7.749999999999999944e-02 -7.749999999999999944e-02
4.735384200000011106e+02 7.749999999999999944e-02 -7.749999999999999944e-02
4.735384200000011106e+02 7.749999999999999944e-02 -7.749999999999999944e-02
4.735411450000010518e+02 7.749999999999999944e-02 -7.749999999999999944e-02
4.735411450000010518e+02 7.749999999999999944e-02 -7.749999999999999944e-02
4.736370450000010806e+02 7.749999999999999944e-02 -7.749999999999999944e-02
4.736370450000010806e+02 7.299999999999999545e-02 -7.299999999999999545e-02
4.736831450000010477e+02 7.299999999999999545e-02 -7.299999999999999545e-02
4.736831450000010477e+02 7.299999999999999545e-02 -7.299999999999999545e-02
4.736856450000010454e+02 7.299999999999999545e-02 -7.299999999999999545e-02
4.736856450000010454e+02 7.299999999999999545e-02 -7.299999999999999545e-02
4.736951450000010482e+02 7.299999999999999545e-02 -7.299999999999999545e-02
4.737010400000010577e+02 7.299999999999999545e-02 -7.299999999999999545e-02
4.737010400000010577e+02 7.299999999999999545e-02 -7.299999999999999545e-02
4.786424400000011019e+02 7.299999999999999545e-02 -7.299999999999999545e-02
4.786424400000011019e+02 7.299999999999999545e-02 -7.299999999999999545e-02
4.786483350000011114e+02 7.299999999999999545e-02 -7.299999999999999545e-02
4.787993350000011219e+02 7.299999999999999545e-02 -7.299999999999999545e-02
4.787993350000011219e+02 7.299999999999999545e-02 -7.299999999999999545e-02
4.792863350000011451e+02 7.299999999999999545e-02 -7.299999999999999545e-02
4.792863350000011451e+02 7.299999999999999545e-02 -7.299999999999999545e-02
4.796983350000011228e+02 7.299999999999999545e-02 -7.299999999999999545e-02
4.797042300000011323e+02 7.299999999999999545e-02 -7.299999999999999545e-02
4.797042300000011323e+02 7.299999999999999545e-02 -7.299999999999999545e-02
4.846456300000011765e+02 7.299999999999999545e-02 -7.299999999999999545e-02
4.846456300000011765e+02 7.299999999999999545e-02 -7.299999999999999545e-02
4.846515250000011861e+02 7.299999999999999545e-02 -7.299999999999999545e-02
4.848025250000011965e+02 7.299999999999999545e-02 -7.299999999999999545e-02
4.848025250000011965e+02 7.299999999999999545e-02 -7.299999999999999545e-02
4.852895250000011629e+02 7.299999999999999545e-02 -7.299999999999999545e-02
4.852895250000011629e+02 7.299999999999999545e-02 -7.299999999999999545e-02
4.857015250000011974e+02 7.299999999999999545e-02 -7.299999999999999545e-02
4.857074200000012070e+02 7.299999999999999545e-02 -7.299999999999999545e-02
4.857074200000012070e+02 7.299999999999999545e-02 -7.299999999999999545e-02
4.906488200000012512e+02 7.299999999999999545e-02 -7.299999999999999545e-02
4.906488200000012512e+02 7.349999999999999589e-02 -7.349999999999999589e-02
4.906547150000012607e+02 7.349999999999999589e-02 -7.349999999999999589e-02
4.916047150000012493e+02 7.349999999999999589e-02 -7.349999999999999589e-02
4.916047150000012493e+02 7.249999999999999500e-02 -7.249999999999999500e-02
4.917047150000012721e+02 7.249999999999999500e-02 -7.249999999999999500e-02
4.917106100000012816e+02 7.249999999999999500e-02 -7.249999999999999500e-02
4.917106100000012816e+02 7.299999999999999545e-02 -7.299999999999999545e-02
4.966520100000012690e+02 7.299999999999999545e-02 -7.299999999999999545e-02
4.966520100000012690e+02 7.299999999999999545e-02 -7.299999999999999545e-02
4.966579050000013353e+02 7.299999999999999545e-02 -7.299999999999999545e-02
4.977079050000012899e+02 7.299999999999999545e-02 -7.299999999999999545e-02
4.977138000000012994e+02 7.299999999999999545e-02 -7.299999999999999545e-02
4.977138000000012994e+02 7.299999999999999545e-02 -7.299999999999999545e-02
5.026552000000013436e+02 7.299999999999999545e-02 -7.299999999999999545e-02
5.026552000000013436e+02 7.299999999999999545e-02 -7.299999999999999545e-02
5.026610950000013531e+02 7.299999999999999545e-02 -7.299999999999999545e-02
5.027545950000013590e+02 7.299999999999999545e-02 -7.299999999999999545e-02
5.027545950000013590e+02 7.749999999999999944e-02 -7.749999999999999944e-02
5.027549950000013723e+02 7.749999999999999944e-02 -7.749999999999999944e-02
5.027549950000013723e+02 7.749999999999999944e-02 -7.749999999999999944e-02
5.037163950000013983e+02 7.749999999999999944e-02 -7.749999999999999944e-02
5.037163950000013983e+02 7.749999999999999944e-02 -7.749999999999999944e-02
5.037191200000013964e+02 7.749999999999999944e-02 -7.749999999999999944e-02
5.037191200000013964e+02 7.749999999999999944e-02 -7.749999999999999944e-02
5.038191200000014192e+02 7.749999999999999944e-02 -7.749999999999999944e-02
5.038191200000014192e+02 7.749999999999999944e-02 -7.749999999999999944e-02
5.038218450000013604e+02 7.749999999999999944e-02 -7.749999999999999944e-02
5.038218450000013604e+02 7.749999999999999944e-02 -7.749999999999999944e-02
5.048636450000013838e+02 7.749999999999999944e-02 -7.749999999999999944e-02
5.048636450000013838e+02 7.749999999999999944e-02 -7.749999999999999944e-02
5.048663700000013250e+02 7.749999999999999944e-02 -7.749999999999999944e-02
5.048663700000013250e+02 7.749999999999999944e-02 -7.749999999999999944e-02
5.049663700000013478e+02 7.749999999999999944e-02 -7.749999999999999944e-02
5.049663700000013478e+02 7.749999999999999944e-02 -7.749999999999999944e-02
5.049690950000012890e+02 7.749999999999999944e-02 -7.749999999999999944e-02
5.049690950000012890e+02 7.749999999999999944e-02 -7.749999999999999944e-02
5.050649950000013177e+02 7.749999999999999944e-02 -7.749999999999999944e-02
5.050649950000013177e+02 7.299999999999999545e-02 -7.299999999999999545e-02
5.051110950000012849e+02 7.299999999999999545e-02 -7.299999999999999545e-02
5.051169900000013513e+02 7.299999999999999545e-02 -7.299999999999999545e-02
5.051169900000013513e+02 7.299999999999999545e-02 -7.299999999999999545e-02
5.100583900000013386e+02 7.299999999999999545e-02 -7.299999999999999545e-02
5.100583900000013386e+02 7.299999999999999545e-02 -7.299999999999999545e-02
5.100642850000013482e+02 7.299999999999999545e-02 -7.299999999999999545e-02
5.111142850000013595e+02 7.299999999999999545e-02 -7.299999999999999545e-02
5.111201800000013691e+02 7.299999999999999545e-02 -7.299999999999999545e-02
5.111201800000013691e+02 7.299999999999999545e-02 -7.299999999999999545e-02
5.160615800000014133e+02 7.299999999999999545e-02 -7.299999999999999545e-02
5.160615800000014133e+02 9.786360000000000892e-02 -9.786360000000000892e-02
5.160674750000014228e+02 9.786360000000000892e-02 -9.786360000000000892e-02
5.171174750000013773e+02 9.786360000000000892e-02 -9.786360000000000892e-02
5.171233700000015006e+02 9.786360000000000892e-02 -9.786360000000000892e-02
5.171233700000015006e+02 7.299999999999999545e-02 -7.299999999999999545e-02
5.220647700000014311e+02 7.299999999999999545e-02 -7.299999999999999545e-02
5.220647700000014311e+02 7.299999999999999545e-02 -7.299999999999999545e-02
5.220706650000014406e+02 7.299999999999999545e-02 -7.299999999999999545e-02
5.231206650000015088e+02 7.299999999999999545e-02 -7.299999999999999545e-02
5.231265600000015183e+02 7.299999999999999545e-02 -7.299999999999999545e-02
5.231265600000015183e+02 7.299999999999999545e-02 -7.299999999999999545e-02
5.280679600000014489e+02 7.299999999999999545e-02 -7.299999999999999545e-02
5.280679600000014489e+02 7.299999999999999545e-02 -7.299999999999999545e-02
5.280738550000014584e+02 7.299999999999999545e-02 -7.299999999999999545e-02
5.287988550000014811e+02 7.299999999999999545e-02 -7.299999999999999545e-02
5.287988550000014811e+02 7.299999999999999545e-02 -7.299999999999999545e-02
5.291238550000015266e+02 7.299999999999999545e-02 -7.299999999999999545e-02
5.291297500000015361e+02 7.299999999999999545e-02 -7.299999999999999545e-02
5.291297500000015361e+02 7.299999999999999545e-02 -7.299999999999999545e-02
5.340711500000015803e+02 7.299999999999999545e-02 -7.299999999999999545e-02
5.340711500000015803e+02 7.299999999999999545e-02 -7.299999999999999545e-02
5.340770450000015899e+02 7.299999999999999545e-02 -7.299999999999999545e-02
5.341585450000015953e+02 7.299999999999999545e-02 -7.299999999999999545e-02
5.341585450000015953e+02 7.749999999999999944e-02 -7.749999999999999944e-02
5.341589450000016086e+02 7.749999999999999944e-02 -7.749999999999999944e-02
5.341589450000016086e+02 7.749999999999999944e-02 -7.749999999999999944e-02
5.351203450000016346e+02 7.749999999999999944e-02 -7.749999999999999944e-02
5.351203450000016346e+02 7.749999999999999944e-02 -7.749999999999999944e-02
5.351230700000015759e+02 7.749999999999999944e-02 -7.749999999999999944e-02
5.351230700000015759e+02 7.749999999999999944e-02 -7.749999999999999944e-02
5.352230700000015986e+02 7.749999999999999944e-02 -7.749999999999999944e-02
5.352230700000015986e+02 7.749999999999999944e-02 -7.749999999999999944e-02
5.352257950000015398e+02 7.749999999999999944e-02 -7.749999999999999944e-02
5.352257950000015398e+02 7.749999999999999944e-02 -7.749999999999999944e-02
5.362675950000016201e+02 7.749999999999999944e-02 -7.749999999999999944e-02
5.362675950000016201e+02 7.749999999999999944e-02 -7.749999999999999944e-02
5.362703200000015613e+02 7.749999999999999944e-02 -7.749999999999999944e-02
5.362703200000015613e+02 7.749999999999999944e-02 -7.749999999999999944e-02
5.363703200000015840e+02 7.749999999999999944e-02 -7.749999999999999944e-02
5.363703200000015840e+02 7.749999999999999944e-02 -7.749999999999999944e-02
5.363730450000015253e+02 7.749999999999999944e-02 -7.749999999999999944e-02
5.363730450000015253e+02 7.749999999999999944e-02 -7.749999999999999944e-02
5.364689450000015540e+02 7.749999999999999944e-02 -7.749999999999999944e-02
5.364689450000015540e+02 7.299999999999999545e-02 -7.299999999999999545e-02
5.365150450000015780e+02 7.299999999999999545e-02 -7.299999999999999545e-02
5.365150450000015780e+02 7.299999999999999545e-02 -7.299999999999999545e-02
5.365175450000015189e+02 7.299999999999999545e-02 -7.299999999999999545e-02
5.365175450000015189e+02 7.299999999999999545e-02 -7.299999999999999545e-02
5.365270450000015217e+02 7.299999999999999545e-02 -7.299999999999999545e-02
5.365329400000015312e+02 7.299999999999999545e-02 -7.299999999999999545e-02
5.365329400000015312e+02 7.299999999999999545e-02 -7.299999999999999545e-02
5.414743400000015754e+02 7.299999999999999545e-02 -7.299999999999999545e-02
5.414743400000015754e+02 7.299999999999999545e-02 -7.299999999999999545e-02
5.414802350000015849e+02 7.299999999999999545e-02 -7.299999999999999545e-02
5.418102350000016258e+02 7.299999999999999545e-02 -7.299999999999999545e-02
5.418102350000016258e+02 7.299999999999999545e-02 -7.299999999999999545e-02
5.424702350000015940e+02 7.299999999999999545e-02 -7.299999999999999545e-02
5.424702350000015940e+02 7.299999999999999545e-02 -7.299999999999999545e-02
5.425302350000016531e+02 7.299999999999999545e-02 -7.299999999999999545e-02
5.425361300000016627e+02 7.299999999999999545e-02 -7.299999999999999545e-02
5.425361300000016627e+02 7.299999999999999545e-02 -7.299999999999999545e-02
5.474775300000017069e+02 7.299999999999999545e-02 -7.299999999999999545e-02
5.474775300000017069e+02 7.299999999999999545e-02 -7.299999999999999545e-02
5.474834250000017164e+02 7.299999999999999545e-02 -7.299999999999999545e-02
5.476344250000016700e+02 7.299999999999999545e-02 -7.299999999999999545e-02
5.476344250000016700e+02 7.299999999999999545e-02 -7.299999999999999545e-02
5.481214250000016364e+02 7.299999999999999545e-02 -7.299999999999999545e-02
5.481214250000016364e+02 7.299999999999999545e-02 -7.299999999999999545e-02
5.485334250000016709e+02 7.299999999999999545e-02 -7.299999999999999545e-02
5.485393200000016805e+02 7.299999999999999545e-02 -7.299999999999999545e-02
5.485393200000016805e+02 7.299999999999999545e-02 -7.299999999999999545e-02
5.534807200000017247e+02 7.299999999999999545e-02 -7.299999999999999545e-02
5.534807200000017247e+02 7.299999999999999545e-02 -7.299999999999999545e-02
5.534866150000017342e+02 7.299999999999999545e-02 -7.299999999999999545e-02
5.536376150000016878e+02 7.299999999999999545e-02 -7.299999999999999545e-02
5.536376150000016878e+02 7.299999999999999545e-02 -7.299999999999999545e-02
5.541246150000017678e+02 7.299999999999999545e-02 -7.299999999999999545e-02
5.541246150000017678e+02 7.299999999999999545e-02 -7.299999999999999545e-02
5.545366150000016887e+02 7.299999999999999545e-02 -7.299999999999999545e-02
5.545425100000018119e+02 7.299999999999999545e-02 -7.299999999999999545e-02
5.545425100000018119e+02 7.299999999999999545e-02 -7.299999999999999545e-02
5.594839100000017424e+02 7.299999999999999545e-02 -7.299999999999999545e-02
5.594839100000017424e+02 5.999999999999999778e-02 -5.999999999999999778e-02
5.594898050000017520e+02 5.999999999999999778e-02 -5.999999999999999778e-02
5.604398050000017975e+02 5.999999999999999778e-02 -5.999999999999999778e-02
5.604398050000017975e+02 7.249999999999999500e-02 -7.249999999999999500e-02
5.605398050000018202e+02 7.249999999999999500e-02 -7.249999999999999500e-02
5.605457000000018297e+02 7.249999999999999500e-02 -7.249999999999999500e-02
5.605457000000018297e+02 7.299999999999999545e-02 -7.299999999999999545e-02
5.654871000000018739e+02 7.299999999999999545e-02 -7.299999999999999545e-02
5.654871000000018739e+02 7.299999999999999545e-02 -7.299999999999999545e-02
5.654929950000018835e+02 7.299999999999999545e-02 -7.299999999999999545e-02
5.655864950000018325e+02 7.299999999999999545e-02 -7.299999999999999545e-02
5.655864950000018325e+02 7.749999999999999944e-02 -7.749999999999999944e-02
5.655868950000018458e+02 7.749999999999999944e-02 -7.749999999999999944e-02
5.655868950000018458e+02 7.749999999999999944e-02 -7.749999999999999944e-02
5.665482950000018718e+02 7.749999999999999944e-02 -7.749999999999999944e-02
5.665482950000018718e+02 7.749999999999999944e-02 -7.749999999999999944e-02
5.665510200000019267e+02 7.749999999999999944e-02 -7.749999999999999944e-02
5.665510200000019267e+02 7.749999999999999944e-02 -7.749999999999999944e-02
5.666510200000018358e+02 7.749999999999999944e-02 -7.749999999999999944e-02
5.666510200000018358e+02 7.749999999999999944e-02 -7.749999999999999944e-02
5.666537450000018907e+02 7.749999999999999944e-02 -7.749999999999999944e-02
5.666537450000018907e+02 7.749999999999999944e-02 -7.749999999999999944e-02
5.676955450000018573e+02 7.749999999999999944e-02 -7.749999999999999944e-02
5.676955450000018573e+02 7.749999999999999944e-02 -7.749999999999999944e-02
5.676982700000019122e+02 7.749999999999999944e-02 -7.749999999999999944e-02
5.676982700000019122e+02 7.749999999999999944e-02 -7.749999999999999944e-02
5.677982700000019349e+02 7.749999999999999944e-02 -7.749999999999999944e-02
5.677982700000019349e+02 7.749999999999999944e-02 -7.749999999999999944e-02
5.678009950000018762e+02 7.749999999999999944e-02 -7.749999999999999944e-02
5.678009950000018762e+02 7.749999999999999944e-02 -7.749999999999999944e-02
5.678968950000019049e+02 7.749999999999999944e-02 -7.749999999999999944e-02
5.678968950000019049e+02 7.299999999999999545e-02 -7.299999999999999545e-02
5.679429950000018152e+02 7.299999999999999545e-02 -7.299999999999999545e-02
5.679488900000018248e+02 7.299999999999999545e-02 -7.299999999999999545e-02
5.679488900000018248e+02 7.299999999999999545e-02 -7.299999999999999545e-02
5.728902900000018690e+02 7.299999999999999545e-02 -7.299999999999999545e-02
5.728902900000018690e+02 7.299999999999999545e-02 -7.299999999999999545e-02
5.728961850000018785e+02 7.299999999999999545e-02 -7.299999999999999545e-02
5.739461850000019467e+02 7.299999999999999545e-02 -7.299999999999999545e-02
5.739520800000019563e+02 7.299999999999999545e-02 -7.299999999999999545e-02
5.739520800000019563e+02 1.049999999999999961e-01 -7.299999999999999545e-02
5.788934800000020005e+02 1.049999999999999961e-01 -7.299999999999999545e-02
5.788934800000020005e+02 9.786360000000000892e-02 -9.786360000000000892e-02
5.788993750000020100e+02 9.786360000000000892e-02 -9.786360000000000892e-02
5.799493750000019645e+02 9.786360000000000892e-02 -9.786360000000000892e-02
5.799552700000019740e+02 9.786360000000000892e-02 -9.786360000000000892e-02
5.799552700000019740e+02 7.299999999999999545e-02 -7.299999999999999545e-02
5.848966700000020182e+02 7.299999999999999545e-02 -7.299999999999999545e-02
5.848966700000020182e+02 7.299999999999999545e-02 -7.299999999999999545e-02
5.849025650000020278e+02 7.299999999999999545e-02 -7.299999999999999545e-02
5.856925650000019914e+02 7.299999999999999545e-02 -7.299999999999999545e-02
5.856925650000019914e+02 8.485280000000000600e-02 -8.485280000000000600e-02
5.858085650000020905e+02 8.485280000000000600e-02 -8.485280000000000600e-02
5.858085650000020905e+02 7.299999999999999545e-02 -7.299999999999999545e-02
5.859525650000020960e+02 7.299999999999999545e-02 -7.299999999999999545e-02
5.859584600000021055e+02 7.299999999999999545e-02 -7.299999999999999545e-02
5.859584600000021055e+02 7.299999999999999545e-02 -7.299999999999999545e-02
5.908998600000020360e+02 7.299999999999999545e-02 -7.299999999999999545e-02
5.908998600000020360e+02 7.299999999999999545e-02 -7.299999999999999545e-02
5.909057550000020456e+02 7.299999999999999545e-02 -7.299999999999999545e-02
5.913061550000021498e+02 7.299999999999999545e-02 -7.299999999999999545e-02
5.913061550000021498e+02 7.299999999999999545e-02 -7.299999999999999545e-02
5.915791550000021743e+02 7.299999999999999545e-02 -7.299999999999999545e-02
5.915791550000021743e+02 7.299999999999999545e-02 -7.299999999999999545e-02
5.919525550000021212e+02 7.299999999999999545e-02 -7.299999999999999545e-02
5.919525550000021212e+02 7.299999999999999545e-02 -7.299999999999999545e-02
5.919557550000021138e+02 7.299999999999999545e-02 -7.299999999999999545e-02
5.919616500000021233e+02 7.299999999999999545e-02 -7.299999999999999545e-02
5.919616500000021233e+02 7.299999999999999545e-02 -7.299999999999999545e-02
5.969030500000021675e+02 7.299999999999999545e-02 -7.299999999999999545e-02
5.969030500000021675e+02 7.299999999999999545e-02 -7.299999999999999545e-02
5.969089450000021770e+02 7.299999999999999545e-02 -7.299999999999999545e-02
5.969904450000021825e+02 7.299999999999999545e-02 -7.299999999999999545e-02
5.969904450000021825e+02 7.749999999999999944e-02 -7.749999999999999944e-02
5.969908450000021958e+02 7.749999999999999944e-02 -7.749999999999999944e-02
5.969908450000021958e+02 7.749999999999999944e-02 -7.749999999999999944e-02
5.979522450000022218e+02 7.749999999999999944e-02 -7.749999999999999944e-02
5.979522450000022218e+02 7.749999999999999944e-02 -7.749999999999999944e-02
5.979549700000021630e+02 7.749999999999999944e-02 -7.749999999999999944e-02
5.979549700000021630e+02 7.749999999999999944e-02 -7.749999999999999944e-02
5.980549700000021858e+02 7.749999999999999944e-02 -7.749999999999999944e-02
5.980549700000021858e+02 7.749999999999999944e-02 -7.749999999999999944e-02
5.980576950000021270e+02 7.749999999999999944e-02 -7.749999999999999944e-02
5.980576950000021270e+02 7.749999999999999944e-02 -7.749999999999999944e-02
5.990994950000022072e+02 7.749999999999999944e-02 -7.749999999999999944e-02
5.990994950000022072e+02 7.749999999999999944e-02 -7.749999999999999944e-02
5.991022200000021485e+02 7.749999999999999944e-02 -7.749999999999999944e-02
5.991022200000021485e+02 7.749999999999999944e-02 -7.749999999999999944e-02
5.992022200000021712e+02 7.749999999999999944e-02 -7.749999999999999944e-02
5.992022200000021712e+02 7.749999999999999944e-02 -7.749999999999999944e-02
5.992049450000021125e+02 7.749999999999999944e-02 -7.749999999999999944e-02
5.992049450000021125e+02 7.749999999999999944e-02 -7.749999999999999944e-02
5.993008450000021412e+02 7.749999999999999944e-02 -7.749999999999999944e-02
5.993008450000021412e+02 7.749999999999999944e-02 -7.749999999999999944e-02
5.993469450000021652e+02 7.749999999999999944e-02 -7.749999999999999944e-02
5.993469450000021652e+02 7.299999999999999545e-02 -7.299999999999999545e-02
5.993494450000021061e+02 7.299999999999999545e-02 -7.299999999999999545e-02
5.993494450000021061e+02 7.299999999999999545e-02 -7.299999999999999545e-02
5.993589450000021088e+02 7.299999999999999545e-02 -7.299999999999999545e-02
5.993648400000022320e+02 7.299999999999999545e-02 -7.299999999999999545e-02
5.993648400000022320e+02 7.299999999999999545e-02 -7.299999999999999545e-02
6.043062400000021626e+02 7.299999999999999545e-02 -7.299999999999999545e-02
6.043062400000021626e+02 7.299999999999999545e-02 -7.299999999999999545e-02
6.043121350000021721e+02 7.299999999999999545e-02 -7.299999999999999545e-02
6.043771350000022267e+02 7.299999999999999545e-02 -7.299999999999999545e-02
6.043771350000022267e+02 7.299999999999999545e-02 -7.299999999999999545e-02
6.052971350000021857e+02 7.299999999999999545e-02 -7.299999999999999545e-02
6.052971350000021857e+02 7.299999999999999545e-02 -7.299999999999999545e-02
6.053621350000022403e+02 7.299999999999999545e-02 -7.299999999999999545e-02
6.053680300000022498e+02 7.299999999999999545e-02 -7.299999999999999545e-02
6.053680300000022498e+02 7.299999999999999545e-02 -7.299999999999999545e-02
6.103094300000022940e+02 7.299999999999999545e-02 -7.299999999999999545e-02
6.103094300000022940e+02 7.299999999999999545e-02 -7.299999999999999545e-02
6.103153250000023036e+02 7.299999999999999545e-02 -7.299999999999999545e-02
6.113653250000022581e+02 7.299999999999999545e-02 -7.299999999999999545e-02
6.113712200000022676e+02 7.299999999999999545e-02 -7.299999999999999545e-02
6.113712200000022676e+02 7.299999999999999545e-02 -7.299999999999999545e-02
6.163126200000023118e+02 7.299999999999999545e-02 -7.299999999999999545e-02
6.163126200000023118e+02 7.299999999999999545e-02 -7.299999999999999545e-02
6.163185150000023214e+02 7.299999999999999545e-02 -7.299999999999999545e-02
6.173685150000023896e+02 7.299999999999999545e-02 -7.299999999999999545e-02
6.173744100000023991e+02 7.299999999999999545e-02 -7.299999999999999545e-02
6.173744100000023991e+02 7.299999999999999545e-02 -7.299999999999999545e-02
6.223158100000023296e+02 7.299999999999999545e-02 -7.299999999999999545e-02
6.223158100000023296e+02 7.299999999999999545e-02 -7.299999999999999545e-02
6.223217050000024528e+02 7.299999999999999545e-02 -7.299999999999999545e-02
6.224367050000023482e+02 7.299999999999999545e-02 -7.299999999999999545e-02
6.224367050000023482e+02 7.299999999999999545e-02 -7.299999999999999545e-02
6.225125050000024203e+02 7.299999999999999545e-02 -7.299999999999999545e-02
6.225125050000024203e+02 7.599999999999999811e-02 -7.599999999999999811e-02
6.226525050000024066e+02 7.599999999999999811e-02 -7.599999999999999811e-02
6.226525050000024066e+02 7.299999999999999545e-02 -7.299999999999999545e-02
6.227283050000024787e+02 7.299999999999999545e-02 -7.299999999999999545e-02
6.227283050000024787e+02 5.999999999999999778e-02 -5.999999999999999778e-02
6.228433050000024878e+02 5.999999999999999778e-02 -5.999999999999999778e-02
6.228433050000024878e+02 5.999999999999999778e-02 -5.999999999999999778e-02
6.232717050000024983e+02 5.999999999999999778e-02 -5.999999999999999778e-02
6.232717050000024983e+02 7.249999999999999500e-02 -7.249999999999999500e-02
6.233717050000025210e+02 7.249999999999999500e-02 -7.249999999999999500e-02
6.233776000000025306e+02 7.249999999999999500e-02 -7.249999999999999500e-02
6.233776000000025306e+02 7.299999999999999545e-02 -7.299999999999999545e-02
6.283190000000025748e+02 7.299999999999999545e-02 -7.299999999999999545e-02
6.293190000000025748e+02 7.299999999999999545e-02 -7.299999999999999545e-02
6.293190000000025748e+02 2.500000000000000000e-01 -2.500000000000000000e-01
-1.000000000000000000e+00 2.500000000000000000e-01 -2.500000000000000000e-01
-1.000000000000000000e+00 7.299999999999999545e-02 -7.299999999999999545e-02
