              0	  2.1503607E-02	  3.6204480E-14
  1.5752530E+00	  2.9272549E-03	  1.3956963E-02
  3.1505059E+00	  8.9352568E-03	  3.1536570E-02
  4.7257589E+00	  1.1218958E-02	  5.0093489E-02
  6.3010119E+00	  1.1056342E-02	  6.5629824E-02
  7.8762648E+00	  1.2188585E-02	  7.9532061E-02
  9.4515178E+00	  1.3902499E-02	  9.4787406E-02
  1.1026771E+01	  1.4145011E-02	  1.1055161E-01
  1.2602024E+01	  1.3997406E-02	  1.2516277E-01
  1.4177277E+01	  1.4818151E-02	  1.3970890E-01
  1.5752530E+01	  1.5515742E-02	  1.5519169E-01
  1.7327783E+01	  1.5377801E-02	  1.7048207E-01
  1.8903036E+01	  1.5524251E-02	  1.8508893E-01
  2.0478289E+01	  1.6236476E-02	  2.0008019E-01
  2.2053542E+01	  1.6505472E-02	  2.1554116E-01
  2.3628794E+01	  1.6408139E-02	  2.3053123E-01
  2.5204047E+01	  1.6795805E-02	  2.4526189E-01
  2.6779300E+01	  1.7340018E-02	  2.6048209E-01
  2.8354553E+01	  1.7398389E-02	  2.7576784E-01
  2.9929806E+01	  1.7466318E-02	  2.9058818E-01
  3.1505059E+01	  1.7959387E-02	  3.0548895E-01
  3.3080312E+01	  1.8300248E-02	  3.2077079E-01
  3.4655565E+01	  1.8299903E-02	  3.3584384E-01
  3.6230818E+01	  1.8543040E-02	  3.5062597E-01
  3.7806071E+01	  1.9011952E-02	  3.6568123E-01
  3.9381324E+01	  1.9177314E-02	  3.8090126E-01
  4.0956577E+01	  1.9228167E-02	  3.9580376E-01
  4.2531830E+01	  1.9590328E-02	  4.1064705E-01
  4.4107083E+01	  1.9949107E-02	  4.2579276E-01
  4.5682336E+01	  2.0013180E-02	  4.4088281E-01
  4.7257589E+01	  2.0171319E-02	  4.5569954E-01
  4.8832842E+01	  2.0566719E-02	  4.7064927E-01
  5.0408095E+01	  2.0788691E-02	  4.8580146E-01
  5.1983348E+01	  2.0839403E-02	  5.0075300E-01
  5.3558601E+01	  2.1103789E-02	  5.1557305E-01
  5.5133854E+01	  2.1451952E-02	  5.3061821E-01
  5.6709107E+01	  2.1564591E-02	  5.4570499E-01
  5.8284360E+01	  2.1670928E-02	  5.6055836E-01
  5.9859613E+01	  2.1996527E-02	  5.7544399E-01
  6.1434866E+01	  2.2249119E-02	  5.9053392E-01
  6.3010119E+01	  2.2312696E-02	  6.0551896E-01
  6.4585372E+01	  2.2503815E-02	  6.2033958E-01
  6.6160625E+01	  2.2826885E-02	  6.3531004E-01
  6.7735877E+01	  2.2979174E-02	  6.5038192E-01
  6.9311130E+01	  2.3058243E-02	  6.6527213E-01
  7.0886383E+01	  2.3320399E-02	  6.8012220E-01
  7.2461636E+01	  2.3586427E-02	  6.9515528E-01
  7.4036889E+01	  2.3671621E-02	  7.1016114E-01
  7.5612142E+01	  2.3809865E-02	  7.2499707E-01
  7.7187395E+01	  2.4099512E-02	  7.3991273E-01
  7.8762648E+01	  2.4283166E-02	  7.5496106E-01
  8.0337901E+01	  2.4353265E-02	  7.6988466E-01
  8.1913154E+01	  2.4559781E-02	  7.8471969E-01
  8.3488407E+01	  2.4825704E-02	  7.9970158E-01
  8.5063660E+01	  2.4936544E-02	  8.1471619E-01
  8.6638913E+01	  2.5038999E-02	  8.2957544E-01
  8.8214166E+01	  2.5290276E-02	  8.4445306E-01
  8.9789419E+01	  2.5495791E-02	  8.5947180E-01
  9.1364672E+01	  2.5569684E-02	  8.7442262E-01
  9.2939925E+01	  2.5728973E-02	  8.8925780E-01
  9.4515178E+01	  2.5983211E-02	  9.0419566E-01
  9.6090431E+01	  2.6119377E-02	  9.1920851E-01
  9.7665684E+01	  2.6200443E-02	  9.3409460E-01
  9.9240937E+01	  2.6411311E-02	  9.4894920E-01
  1.0081619E+02	  2.6628320E-02	  9.6393552E-01
  1.0239144E+02	  2.6714231E-02	  9.7890600E-01
  1.0396670E+02	  2.6835531E-02	  9.9375257E-01
  1.0554195E+02	  2.7068894E-02	  1.0086551E+00
  1.0711720E+02	  2.7226731E-02	  1.0236576E+00
  1.0869245E+02	  2.7298278E-02	  1.0385705E+00
  1.1026771E+02	  2.7469432E-02	  1.0534156E+00
  1.1184296E+02	  2.7687524E-02	  1.0683698E+00
  1.1341821E+02	  2.7789721E-02	  1.0833518E+00
  1.1499347E+02	  2.7882609E-02	  1.0982174E+00
  1.1656872E+02	  2.8088417E-02	  1.1130947E+00
  1.1814397E+02	  2.8261816E-02	  1.1280807E+00
  1.1971923E+02	  2.8333192E-02	  1.1430177E+00
  1.2129448E+02	  2.8467806E-02	  1.1578650E+00
  1.2286973E+02	  2.8677282E-02	  1.1727902E+00
  1.2444498E+02	  2.8796555E-02	  1.1877761E+00
  1.2602024E+02	  2.8870474E-02	  1.2026651E+00
  1.2759549E+02	  2.9044815E-02	 1.217527722053
  1.2917074E+02	  2.9226169E-02	  1.2324939E+00
  1.3074600E+02	  2.9304028E-02	  1.2474506E+00
  1.3232125E+02	  2.9407254E-02	  1.2623096E+00
  1.3389650E+02	  2.9599901E-02	  1.2772114E+00
  1.3547175E+02	  2.9734220E-02	  1.2921945E+00
  1.3704701E+02	  2.9797946E-02	  1.3071085E+00
  1.3862226E+02	  2.9939702E-02	  1.3219671E+00
  1.4019751E+02	  3.0120821E-02	  1.3369128E+00
  1.4177277E+02	  3.0209100E-02	  1.3518837E+00
  1.4334802E+02	  3.0287455E-02	  1.3667616E+00
  1.4492327E+02	  3.0457005E-02	  1.3816474E+00
  1.4649853E+02	  3.0602072E-02	  1.3966226E+00
  1.4807378E+02	  3.0663088E-02	  1.4115606E+00
  1.4964903E+02	  3.0773679E-02	  1.4264250E+00
  1.5122428E+02	  3.0946614E-02	  1.4413522E+00
  1.5279954E+02	  3.1046583E-02	  1.4563316E+00
  1.5437479E+02	  3.1107248E-02	  1.4712329E+00
  1.5595004E+02	  3.1249776E-02	  1.4861114E+00
  1.5752530E+02	  3.1399790E-02	  1.5010758E+00
  1.5910055E+02	  3.1463837E-02	  1.5160350E+00
  1.6067580E+02	  3.1546796E-02	  1.5309135E+00
  1.6225106E+02	  3.1704547E-02	  1.5458265E+00
  1.6382631E+02	  3.1815067E-02	  1.5608090E+00
  1.6540156E+02	  3.1865171E-02	  1.5757360E+00
  1.6697681E+02	  3.1979174E-02	  1.5906159E+00
  1.6855207E+02	  3.2127551E-02	  1.6055687E+00
  1.7012732E+02	  3.2198285E-02	  1.6205452E+00
  1.7170257E+02	  3.2258662E-02	  1.6354444E+00
  1.7327783E+02	  3.2395755E-02	  1.6503494E+00
  1.7485308E+02	  3.2513677E-02	  1.6653309E+00
  1.7642833E+02	  3.2559612E-02	  1.6802834E+00
  1.7800358E+02	  3.2645890E-02	  1.6951733E+00
  1.7957884E+02	  3.2786049E-02	  1.7101161E+00
  1.8115409E+02	  3.2864984E-02	  1.7251054E+00
  1.8272934E+02	  3.2908735E-02	  1.7400298E+00
  1.8430460E+02	  3.3021634E-02	  1.7549338E+00
  1.8587985E+02	  3.3142384E-02	  1.7699119E+00
  1.8745510E+02	  3.3189282E-02	  1.7848881E+00
  1.8903036E+02	  3.3250612E-02	  1.7997955E+00
  1.9060561E+02	  3.3376613E-02	  1.8147318E+00
  1.9218086E+02	  3.3463181E-02	  1.8297296E+00
  1.9375611E+02	  3.3496460E-02	  1.8446815E+00
 195.3313676103	  3.3583717E-02	  1.8595925E+00
  1.9690662E+02	  3.3701908E-02	  1.8745665E+00
  1.9848187E+02	  3.3753252E-02	  1.8895632E+00
  2.0005713E+02	  3.3793917E-02	  1.9044941E+00
  2.0163238E+02	  3.3901042E-02	  1.9194292E+00
  2.0320763E+02	  3.3992880E-02	  1.9344321E+00
  2.0478289E+02	  3.4021387E-02	  1.9494119E+00
  2.0635814E+02	  3.4083606E-02	  1.9643372E+00
  2.0793339E+02	  3.4193696E-02	  1.9793084E+00
  2.0950864E+02	  3.4251128E-02	  1.9943222E+00
  2.1108390E+02	  3.4276362E-02	  2.0092809E+00
  2.1265915E+02	  3.4361556E-02	  2.0242211E+00
  2.1423440E+02	  3.4454985E-02	  2.0392269E+00
  2.1580966E+02	  3.4483454E-02	  2.0542333E+00
  2.1738491E+02	  3.4523073E-02	  2.0691798E+00
  2.1896016E+02	  3.4620016E-02	  2.0841513E+00
  2.2053542E+02	  3.4683368E-02	  2.0991785E+00
  2.2211067E+02	  3.4698703E-02	  2.1141673E+00
  2.2368592E+02	  3.4760716E-02	  2.1291195E+00
  2.2526117E+02	  3.4851231E-02	  2.1441277E+00
  2.2683643E+02	  3.4882998E-02	  2.1591582E+00
  2.2841168E+02	  3.4903866E-02	  2.1741314E+00
  2.2998693E+02	  3.4983623E-02	  2.1891079E+00
  2.3156219E+02	  3.5051121E-02	  2.2041456E+00
  2.3313744E+02	  3.5061818E-02	  2.2191649E+00
  2.3471269E+02	  3.5101268E-02	  2.2341360E+00
  2.3628794E+02	  3.5184184E-02	  2.2491477E+00
  2.3786320E+02	  3.5221009E-02	  2.2641992E+00
  2.3943845E+02	  3.5227908E-02	  2.2792031E+00
  2.4101370E+02	  3.5287866E-02	  2.2941902E+00
  2.4258896E+02	  3.5356490E-02	  2.3092364E+00
  2.4416421E+02	  3.5366987E-02	  2.3242854E+00
  2.4573946E+02	  3.5386150E-02	  2.3392814E+00
  2.4731472E+02	  3.5457134E-02	  2.3542994E+00
  2.4888997E+02	  3.5499132E-02	  2.3693688E+00
  2.5046522E+02	  3.5497192E-02	  2.3844056E+00
  2.5204047E+02	  3.5536373E-02	  2.3994094E+00
  2.5361573E+02	  3.5602332E-02	  2.4144638E+00
  2.5519098E+02	  3.5615882E-02	  2.4295402E+00
  2.5676623E+02	  3.5618369E-02	  2.4445662E+00
  2.5834149E+02	  3.5673970E-02	  2.4595946E+00
  2.5991674E+02	  3.5719795E-02	  2.4746793E+00
  2.6149199E+02	  3.5713934E-02	  2.4897495E+00
  2.6306725E+02	  3.5733011E-02	  2.5047762E+00
  2.6464250E+02	  3.5792259E-02	  2.5198396E+00
  2.6621775E+02	  3.5810654E-02	  2.5349408E+00
  2.6779300E+02	  3.5800925E-02	  2.5500003E+00
  2.6936826E+02	  3.5838924E-02	  2.5650443E+00
  2.7094351E+02	  3.5886070E-02	  2.5801425E+00
  2.7251876E+02	  3.5880523E-02	  2.5952452E+00
  2.7409402E+02	  3.5881710E-02	  2.6103004E+00
  2.7566927E+02	  3.5930504E-02	  2.6253753E+00
  2.7724452E+02	  3.5954072E-02	  2.6404984E+00
  2.7881977E+02	  3.5936941E-02	  2.6555934E+00
  2.8039503E+02	  3.5956574E-02	  2.6706584E+00
  2.8197028E+02	  3.6001755E-02	  2.6857696E+00
  2.8354553E+02	  3.5999637E-02	  2.7009029E+00
  2.8512079E+02	  3.5986339E-02	  2.7159911E+00
  2.8669604E+02	  3.6021664E-02	 2.731081115606
  2.8827129E+02	  3.6049346E-02	  2.7462236E+00
  2.8984655E+02	  3.6029460E-02	  2.7613547E+00
  2.9142180E+02	  3.6031470E-02	  2.7764462E+00
  2.9299705E+02	  3.6071137E-02	  2.7915712E+00
  2.9457230E+02	  3.6074248E-02	  2.8067325E+00
  2.9614756E+02	  3.6050671E-02	  2.8218569E+00
  2.9772281E+02	  3.6070600E-02	  2.8369666E+00
  2.9929806E+02	  3.6100206E-02	  2.8521268E+00
  3.0087332E+02	  3.6081547E-02	  2.8672930E+00
  3.0244857E+02	  3.6068063E-02	  2.8824162E+00
  3.0402382E+02	  3.6098890E-02	  2.8975570E+00
  3.0559908E+02	  3.6107651E-02	  2.9127436E+00
  3.0717433E+02	  3.6078336E-02	  2.9279059E+00
  3.0874958E+02	  3.6082272E-02	  2.9430404E+00
  3.1032483E+02	  3.6110888E-02	  2.9582176E+00
  3.1190009E+02	  3.6096425E-02	  2.9734171E+00
  3.1347534E+02	  3.6070664E-02	  2.9885758E+00
  3.1505059E+02	  3.6089932E-02	  3.0037359E+00
  3.1662585E+02	  3.6103406E-02	  3.0189452E+00
  3.1820110E+02	  3.6072681E-02	  3.0341459E+00
  3.1977635E+02	  3.6061371E-02	  3.0493101E+00
  3.2135160E+02	  3.6085777E-02	  3.0645050E+00
  3.2292686E+02	  3.6077230E-02	  3.0797351E+00
  3.2450211E+02	  3.6043146E-02	  3.0949324E+00
  3.2607736E+02	  3.6049134E-02	  3.1101157E+00
  3.2765262E+02	  3.6065346E-02	  3.1253461E+00
  3.2922787E+02	  3.6036944E-02	  3.1405841E+00
  3.3080312E+02	  3.6012388E-02	  3.1557825E+00
  3.3237838E+02	  3.6029493E-02	  3.1709969E+00
  3.3395363E+02	  3.6027218E-02	  3.1862551E+00
  3.3552888E+02	  3.5989008E-02	  3.2014923E+00
  3.3710413E+02	  3.5981151E-02	  3.2167034E+00
  3.3867939E+02	  3.5997357E-02	  3.2319543E+00
  3.4025464E+02	  3.5974009E-02	  3.2472276E+00
  3.4182989E+02	  3.5939208E-02	  3.2624638E+00
  3.4340515E+02	  3.5946482E-02	  3.2777008E+00
  3.4498040E+02	  3.5949585E-02	  3.2929845E+00
  3.4655565E+02	  3.5911265E-02	  3.3082618E+00
  3.4813091E+02	  3.5890246E-02	  3.3235052E+00
  3.4970616E+02	  3.5903390E-02	  3.3387770E+00
  3.5128141E+02	  3.5886622E-02	  3.3540832E+00
  3.5285666E+02	  3.5845205E-02	  3.3693598E+00
  3.5443192E+02	  3.5840976E-02	  3.3846229E+00
  3.5600717E+02	  3.5847505E-02	  3.3999306E+00
  3.5758242E+02	  3.5812470E-02	  3.4152469E+00
  3.5915768E+02	  3.5780104E-02	  3.4305267E+00
  3.6073293E+02	  3.5787215E-02	  3.4458211E+00
  3.6230818E+02	  3.5777249E-02	  3.4611575E+00
  3.6388343E+02	  3.5733072E-02	  3.4764757E+00
  3.6545869E+02	  3.5716760E-02	  3.4917692E+00
  3.6703394E+02	  3.5724048E-02	  3.5071001E+00
  3.6860919E+02	  3.5694745E-02	  3.5224535E+00
  3.7018445E+02	  3.5653758E-02	  3.5377730E+00
  3.7175970E+02	  3.5652356E-02	  3.5530926E+00
  3.7333495E+02	  3.5648210E-02	  3.5684569E+00
  3.7491021E+02	  3.5604927E-02	 3.583816746207
  3.7648546E+02	  3.5577069E-02	  3.5991447E+00
  3.7806071E+02	  3.5582083E-02	  3.6144992E+00
  3.7963596E+02	  3.5559767E-02	  3.6298873E+00
  3.8121122E+02	  3.5513460E-02	  3.6452488E+00
  3.8278647E+02	  3.5501860E-02	  3.6605971E+00
  3.8436172E+02	  3.5501516E-02	  3.6759877E+00
  3.8593698E+02	  3.5462147E-02	  3.6913881E+00
  3.8751223E+02	  3.5424329E-02	  3.7067544E+00
  3.8908748E+02	  3.5424124E-02	  3.7221340E+00
 390.6627352206	  3.5408830E-02	  3.7375543E+00
  3.9223799E+02	  3.5360700E-02	  3.7529588E+00
  3.9381324E+02	  3.5338225E-02	  3.7683397E+00
  3.9538849E+02	  3.5338976E-02	  3.7837559E+00
  3.9696375E+02	  3.5305639E-02	  3.7991949E+00
  3.9853900E+02	  3.5260311E-02	  3.8146026E+00
  4.0011425E+02	  3.5252399E-02	  3.8300099E+00
  4.0168951E+02	  3.5242979E-02	  3.8454602E+00
  4.0326476E+02	  3.5196289E-02	  3.8609077E+00
  4.0484001E+02	  3.5163309E-02	  3.8763252E+00
  4.0641526E+02	  3.5162108E-02	  3.8917674E+00
  4.0799052E+02	  3.5135784E-02	  3.9072428E+00
  4.0956577E+02	  3.5085905E-02	  3.9226939E+00
  4.1114102E+02	  3.5068529E-02	  3.9381323E+00
  4.1271628E+02	  3.5062859E-02	  3.9536110E+00
  4.1429153E+02	  3.5020284E-02	  3.9691006E+00
  4.1586678E+02	  3.4978176E-02	  3.9845582E+00
  4.1744204E+02	  3.4972057E-02	  4.0000281E+00
  4.1901729E+02	  3.4952559E-02	  4.0155374E+00
  4.2059254E+02	  3.4901291E-02	  4.0310332E+00
  4.2216779E+02	  3.4873675E-02	  4.0465064E+00
  4.2374305E+02	  3.4868982E-02	  4.0620130E+00
  4.2531830E+02	  3.4832324E-02	  4.0775428E+00
  4.2689355E+02	  3.4783266E-02	  4.0930436E+00
  4.2846881E+02	  3.4769698E-02	  4.1085436E+00
  4.3004406E+02	  3.4755711E-02	  4.1240850E+00
  4.3161931E+02	  3.4705979E-02	  4.1396253E+00
  4.3319457E+02	  3.4668354E-02	  4.1551372E+00
  4.3476982E+02	  3.4661558E-02	  4.1706723E+00
  4.3634507E+02	  3.4631546E-02	  4.1862403E+00
  4.3792032E+02	  3.4578235E-02	  4.2017863E+00
  4.3949558E+02	  3.4555431E-02	  4.2173198E+00
  4.4107083E+02	  3.4544745E-02	  4.2328920E+00
  4.4264608E+02	  3.4498939E-02	  4.2484760E+00
  4.4422134E+02	  3.4452522E-02	  4.2640301E+00
  4.4579659E+02	  3.4440654E-02	  4.2795954E+00
  4.4737184E+02	  3.4416909E-02	  4.2951994E+00
  4.4894709E+02	  3.4362221E-02	  4.3107918E+00
  4.5052235E+02	  3.4329340E-02	  4.3263625E+00
  4.5209760E+02	  3.4319134E-02	  4.3419651E+00
  4.5367285E+02	  3.4278788E-02	  4.3575913E+00
  4.5524811E+02	  3.4225563E-02	  4.3731906E+00
  4.5682336E+02	  3.4206098E-02	  4.3887888E+00
  4.5839861E+02	  3.4187194E-02	  4.4044271E+00
  4.5997387E+02	  3.4133809E-02	  4.4200660E+00
  4.6154912E+02	  3.4091022E-02	  4.4356778E+00
  4.6312437E+02	  3.4078241E-02	  4.4513116E+00
  4.6469962E+02	  3.4043916E-02	  4.4669781E+00
  4.6627488E+02	  3.3986406E-02	  4.4826248E+00
  4.6785013E+02	  3.3957590E-02	  4.4982591E+00
  4.6942538E+02	  3.3941285E-02	  4.5139308E+00
  4.7100064E+02	  3.3891378E-02	  4.5296155E+00
  4.7257589E+02	  3.3839802E-02	  4.5452720E+00
  4.7415114E+02	  3.3821508E-02	  4.5609388E+00
  4.7572640E+02	  3.3792695E-02	  4.5766438E+00
  4.7730165E+02	  3.3733587E-02	 4.592339037252
  4.7887690E+02	  3.3694585E-02	  4.6080134E+00
  4.8045215E+02	  3.3678076E-02	  4.6237184E+00
  4.8202741E+02	  3.3633037E-02	  4.6394475E+00
  4.8360266E+02	  3.3574599E-02	  4.6551518E+00
  4.8517791E+02	  3.3548377E-02	  4.6708544E+00
  4.8675317E+02	  3.3523640E-02	  4.6865964E+00
  4.8832842E+02	  3.3465490E-02	  4.7023405E+00
  4.8990367E+02	  3.3416505E-02	  4.7180589E+00
  4.9147892E+02	  3.3396823E-02	  4.7337981E+00
  4.9305418E+02	  3.3357111E-02	  4.7495701E+00
  4.9462943E+02	  3.3294236E-02	  4.7653242E+00
  4.9620468E+02	  3.3258410E-02	  4.7810663E+00
  4.9777994E+02	  3.3235516E-02	  4.7968446E+00
  4.9935519E+02	  3.3180372E-02	  4.8126370E+00
  5.0093044E+02	  3.3122544E-02	  4.8284029E+00
  5.0250570E+02	  3.3096892E-02	  4.8441784E+00
  5.0408095E+02	  3.3061988E-02	  4.8599917E+00
  5.0565620E+02	  3.2997315E-02	  4.8757971E+00
  5.0723145E+02	  3.2951184E-02	  4.8915824E+00
  5.0880671E+02	  3.2927451E-02	  4.9073972E+00
  5.1038196E+02	  3.2876652E-02	  4.9232368E+00
  5.1195721E+02	  3.2811914E-02	  4.9390534E+00
  5.1353247E+02	  3.2778018E-02	  4.9548681E+00
  5.1510772E+02	  3.2746511E-02	  4.9707215E+00
  5.1668297E+02	  3.2682535E-02	  4.9865785E+00
  5.1825823E+02	  3.2626401E-02	  5.0024110E+00
  5.1983348E+02	  3.2599003E-02	  5.0182634E+00
  5.2140873E+02	  3.2552997E-02	  5.0341488E+00
  5.2298398E+02	  3.2483800E-02	  5.0500183E+00
  5.2455924E+02	  3.2440171E-02	  5.0658759E+00
  5.2613449E+02	  3.2409940E-02	  5.0817688E+00
  5.2770974E+02	  3.2348690E-02	  5.0976771E+00
  5.2928500E+02	  3.2283791E-02	  5.1135604E+00
  5.3086025E+02	  3.2250122E-02	  5.1294527E+00
  5.3243550E+02	  3.2208429E-02	  5.1453825E+00
  5.3401075E+02	  3.2137420E-02	  5.1613063E+00
  5.3558601E+02	  3.2083522E-02	  5.1772106E+00
  5.3716126E+02	  3.2052030E-02	  5.1931435E+00
  5.3873651E+02	  3.1994853E-02	  5.2091020E+00
  5.4031177E+02	  3.1923221E-02	  5.2250393E+00
  5.4188702E+02	  3.1881219E-02	  5.2409744E+00
  5.4346227E+02	  3.1842523E-02	  5.2569476E+00
  5.4503753E+02	  3.1772219E-02	  5.2729261E+00
  5.4661278E+02	  3.1708532E-02	  5.2888812E+00
  5.4818803E+02	  3.1673160E-02	  5.3048554E+00
  5.4976328E+02	  3.1620552E-02	  5.3208628E+00
  5.5133854E+02	  3.1544708E-02	  5.3368562E+00
  5.5291379E+02	  3.1493102E-02	 5.352837861641
  5.5448904E+02	  3.1455430E-02	  5.3688541E+00
  5.5606430E+02	  3.1387898E-02	  5.3848869E+00
  5.5763955E+02	  3.1315816E-02	  5.4008963E+00
  5.5921480E+02	  3.1274167E-02	  5.4169140E+00
  5.6079006E+02	  3.1225723E-02	  5.4329691E+00
  5.6236531E+02	  3.1148380E-02	  5.4490200E+00
  5.6394056E+02	  3.1086850E-02	  5.4650521E+00
  5.6551581E+02	  3.1047835E-02	  5.4811119E+00
  5.6709107E+02	  3.0984454E-02	  5.4971980E+00
  5.6866632E+02	  3.0906116E-02	  5.5132647E+00
  5.7024157E+02	  3.0856353E-02	  5.5293290E+00
  5.7181683E+02	  3.0810859E-02	  5.5454309E+00
  5.7339208E+02	  3.0734569E-02	  5.5615396E+00
  5.7496733E+02	  3.0663756E-02	  5.5776259E+00
  5.7654259E+02	  3.0620950E-02	  5.5937306E+00
  5.7811784E+02	  3.0562254E-02	  5.6098689E+00
  5.7969309E+02	  3.0480273E-02	  5.6259949E+00
  5.8126834E+02	  3.0421336E-02	  5.6421094E+00
  5.8284360E+02	  3.0376934E-02	  5.6582578E+00
 584.4188498663	  3.0303788E-02	  5.6744239E+00
 585.9941028309	  3.0225240E-02	  5.6905680E+00
  5.8756936E+02	  3.0176459E-02	  5.7067198E+00
  5.8914461E+02	  3.0122108E-02	  5.7229090E+00
  5.9071986E+02	  3.0039241E-02	  5.7390957E+00
  5.9229511E+02	  2.9970987E-02	  5.7552641E+00
  5.9387037E+02	  2.9925450E-02	  5.7714594E+00
  5.9544562E+02	  2.9856842E-02	  5.7876820E+00
  5.9702087E+02	  2.9772795E-02	  5.8038866E+00
  5.9859613E+02	  2.9716379E-02	  5.8200886E+00
  6.0017138E+02	  2.9665217E-02	  5.8363278E+00
  6.0174663E+02	  2.9584030E-02	  5.8525753E+00
  6.0332189E+02	  2.9507256E-02	  5.8688014E+00
  6.0489714E+02	  2.9458289E-02	  5.8850451E+00
  6.0647239E+02	  2.9394761E-02	  5.9013227E+00
  6.0804764E+02	  2.9307874E-02	  5.9175898E+00
  6.0962290E+02	  2.9242924E-02	  5.9338454E+00
  6.1119815E+02	  2.9193161E-02	  5.9501343E+00
  6.1277340E+02	  2.9115723E-02	  5.9664421E+00
  6.1434866E+02	  2.9032060E-02	  5.9827291E+00
  6.1592391E+02	  2.8977592E-02	  5.9990234E+00
  6.1749916E+02	  2.8918784E-02	  6.0153549E+00
  6.1907442E+02	  2.8831809E-02	  6.0316855E+00
  6.2064967E+02	  2.8758310E-02	  6.0479983E+00
  6.2222492E+02	  2.8707788E-02	  6.0643374E+00
  6.2380017E+02	  2.8635443E-02	  6.0807043E+00
  6.2537543E+02	  2.8547172E-02	  6.0970549E+00
  6.2695068E+02	  2.8485663E-02	  6.1134026E+00
  6.2852593E+02	  2.8430404E-02	  6.1297870E+00
  6.3010119E+02	  2.8345846E-02	  6.1461812E+00
  6.3167644E+02	  2.8264664E-02	  6.1625548E+00
  6.3325169E+02	  2.8211137E-02	  6.1789452E+00
  6.3482694E+02	  2.8144340E-02	  6.1953700E+00
  6.3640220E+02	  2.8054085E-02	  6.2117859E+00
  6.3797745E+02	  2.7984721E-02	  6.2281903E+00
  6.3955270E+02	  2.7931219E-02	  6.2446272E+00
  6.4112796E+02	  2.7851056E-02	  6.2610843E+00
  6.4270321E+02	  2.7763840E-02	  6.2775217E+00
  6.4427846E+02	  2.7705293E-02	  6.2939658E+00
  6.4585372E+02	  2.7643605E-02	  6.3104470E+00
  6.4742897E+02	  2.7554043E-02	  6.3269289E+00
  6.4900422E+02	  2.7476841E-02	  6.3433935E+00
  6.5057947E+02	  2.7422892E-02	  6.3598834E+00
  6.5215473E+02	  2.7348307E-02	  6.3764021E+00
  6.5372998E+02	  2.7257273E-02	  6.3929057E+00
  6.5530523E+02	  2.7192172E-02	  6.4094061E+00
  6.5688049E+02	  2.7134307E-02	  6.4259428E+00
  6.5845574E+02	  2.7047788E-02	  6.4424906E+00
  6.6003099E+02	  2.6963586E-02	  6.4590187E+00
  6.6160625E+02	  2.6906903E-02	  6.4755628E+00
  6.6318150E+02	  2.6838192E-02	  6.4921416E+00
  6.6475675E+02	  2.6745861E-02	  6.5087130E+00
  6.6633200E+02	  2.6673371E-02	  6.5252728E+00
  6.6790726E+02	  2.6617397E-02	  6.5418646E+00
  6.6948251E+02	  2.6535700E-02	  6.5584776E+00
  6.7105776E+02	  2.6446081E-02	  6.5750721E+00
  6.7263302E+02	  2.6384604E-02	  6.5916724E+00
  6.7420827E+02	  2.6321137E-02	  6.6083100E+00
  6.7578352E+02	  2.6230009E-02	  6.6249497E+00
  6.7735877E+02	  2.6150099E-02	  6.6415723E+00
  6.7893403E+02	  2.6093707E-02	  6.6582195E+00
  6.8050928E+02	  2.6017797E-02	  6.6748963E+00
  6.8208453E+02	  2.5924843E-02	  6.6915593E+00
  6.8365979E+02	  2.5856961E-02	  6.7082186E+00
  6.8523504E+02	  2.5797243E-02	  6.7249138E+00
  6.8681029E+02	  2.5709438E-02	  6.7416216E+00
  6.8838555E+02	  2.5622850E-02	  6.7583103E+00
  6.8996080E+02	  2.5563627E-02	  6.7750142E+00
  6.9153605E+02	  2.5493543E-02	  6.7917532E+00
  6.9311130E+02	  2.5399589E-02	  6.8084862E+00
  6.9468656E+02	  2.5324386E-02	  6.8252075E+00
  6.9626181E+02	  2.5266306E-02	  6.8419600E+00
  6.9783706E+02	  2.5183341E-02	  6.8587349E+00
  6.9941232E+02	  2.5091502E-02	  6.8754924E+00
  7.0098757E+02	  2.5027235E-02	  6.8922549E+00
  7.0256282E+02	  2.4962057E-02	  6.9090547E+00
  7.0413808E+02	  2.4869332E-02	  6.9258581E+00
  7.0571333E+02	  2.4786624E-02	  6.9426447E+00
  7.0728858E+02	  2.4727644E-02	  6.9594550E+00
  7.0886383E+02	  2.4650167E-02	  6.9762956E+00
  7.1043909E+02	  2.4554960E-02	  6.9931239E+00
  7.1201434E+02	  2.4483915E-02	  7.0099479E+00
  7.1358959E+02	  2.4421902E-02	  7.0268075E+00
  7.1516485E+02	  2.4332260E-02	  7.0436810E+00
  7.1674010E+02	  2.4242649E-02	  7.0605360E+00
  7.1831535E+02	  2.4180179E-02	  7.0774054E+00
  7.1989060E+02	  2.4107922E-02	  7.0943102E+00
  7.2146586E+02	  2.4011438E-02	  7.1112106E+00
  7.2304111E+02	  2.3932540E-02	  7.1280991E+00
  7.2461636E+02	  2.3871305E-02	  7.1450183E+00
  7.2619162E+02	  2.3785932E-02	  7.1619609E+00
  7.2776687E+02	  2.3690647E-02	  7.1788870E+00
  7.2934212E+02	  2.3622304E-02	  7.1958176E+00
  7.3091738E+02	  2.3554043E-02	  7.2127853E+00
  7.3249263E+02	  2.3458240E-02	  7.2297582E+00
  7.3406788E+02	  2.3371165E-02	  7.2467146E+00
  7.3564313E+02	  2.3307961E-02	  7.2636939E+00
  7.3721839E+02	  2.3227189E-02	  7.2807043E+00
  7.3879364E+02	  2.3127900E-02	  7.2977036E+00
  7.4036889E+02	  2.3051784E-02	  7.3146981E+00
  7.4194415E+02	  2.2985480E-02	  7.3317280E+00
  7.4351940E+02	  2.2891898E-02	  7.3487731E+00
  7.4509465E+02	  2.2797058E-02	  7.3658004E+00
  7.4666991E+02	  2.2729066E-02	  7.3828413E+00
  7.4824516E+02	  2.2652279E-02	  7.3999181E+00
  7.4982041E+02	  2.2550810E-02	  7.4169918E+00
  7.5139566E+02	  2.2465675E-02	  7.4340537E+00
  7.5297092E+02	  2.2398667E-02	  7.4511455E+00
  7.5454617E+02	  2.2308168E-02	  7.4682620E+00
  7.5612142E+02	  2.2206615E-02	  7.4853630E+00
  7.5769668E+02	  2.2131288E-02	  7.5024678E+00
  7.5927193E+02	  2.2056962E-02	  7.5196099E+00
  7.6084718E+02	  2.1955003E-02	  7.5367586E+00
  7.6242243E+02	  2.1860384E-02	  7.5538911E+00
  7.6399769E+02	  2.1789698E-02	  7.5710457E+00
  7.6557294E+02	  2.1702292E-02	  7.5882324E+00
  7.6714819E+02	  2.1595480E-02	  7.6054093E+00
  7.6872345E+02	  2.1510761E-02	  7.6225811E+00
  7.7029870E+02	  2.1436570E-02	  7.6397878E+00
  7.7187395E+02	  2.1335377E-02	  7.6570113E+00
  7.7344921E+02	  2.1231555E-02	  7.6742177E+00
  7.7502446E+02	  2.1154210E-02	  7.6914369E+00
  7.7659971E+02	  2.1068984E-02	  7.7086925E+00
  7.7817496E+02	  2.0958519E-02	  7.7259467E+00
 779.7502174766	  2.0863050E-02	  7.7431889E+00
  7.8132547E+02	  2.0786104E-02	  7.7604605E+00
  7.8290072E+02	  2.0686247E-02	  7.7777581E+00
  7.8447598E+02	  2.0574103E-02	  7.7950413E+00
  7.8605123E+02	  2.0487391E-02	  7.8123277E+00
  7.8762648E+02	  2.0402536E-02	  7.8296515E+00
  7.8920174E+02	  2.0289886E-02	 7.846983582866
  7.9077699E+02	  2.0183108E-02	  7.8642998E+00
  7.9235224E+02	  2.0100260E-02	  7.8816375E+00
  7.9392749E+02	  2.0001477E-02	  7.8990081E+00
  7.9550275E+02	  1.9882328E-02	  7.9163705E+00
  7.9707800E+02	  1.9784121E-02	  7.9337274E+00
  7.9865325E+02	  1.9697099E-02	  7.9511191E+00
  8.0022851E+02	  1.9583285E-02	  7.9685290E+00
  8.0180376E+02	  1.9465381E-02	  7.9859228E+00
  8.0337901E+02	  1.9373516E-02	  8.0033286E+00
  8.0495426E+02	  1.9274647E-02	  8.0207715E+00
  8.0652952E+02	  1.9149941E-02	  8.0382146E+00
  8.0810477E+02	  1.9038820E-02	  8.0556457E+00
  8.0968002E+02	  1.8946566E-02	  8.0731058E+00
  8.1125528E+02	  1.8831933E-02	  8.0905932E+00
  8.1283053E+02	  1.8703720E-02	  8.1080676E+00
  8.1440578E+02	  1.8600089E-02	  8.1255446E+00
  8.1598104E+02	  1.8499137E-02	  8.1430591E+00
  8.1755629E+02	  1.8370179E-02	  8.1605837E+00
  8.1913154E+02	  1.8245559E-02	  8.1780929E+00
  8.2070679E+02	  1.8144824E-02	  8.1956231E+00
  8.2228205E+02	  1.8028922E-02	  8.2131872E+00
  8.2385730E+02	  1.7891638E-02	  8.2307447E+00
  8.2543255E+02	  1.7774077E-02	  8.2482964E+00
  8.2700781E+02	  1.7668336E-02	  8.2658827E+00
  8.2858306E+02	  1.7535993E-02	  8.2834891E+00
  8.3015831E+02	  1.7398052E-02	  8.3010802E+00
  8.3173357E+02	  1.7285675E-02	  8.3186828E+00
  8.3330882E+02	  1.7167159E-02	  8.3363231E+00
  8.3488407E+02	  1.7022171E-02	  8.3539654E+00
  8.3645932E+02	  1.6889309E-02	  8.3715960E+00
  8.3803458E+02	  1.6775642E-02	  8.3892551E+00
  8.3960983E+02	  1.6640124E-02	  8.4069430E+00
  8.4118508E+02	  1.6489686E-02	  8.4246193E+00
  8.4276034E+02	  1.6362934E-02	  8.4422977E+00
  8.4433559E+02	  1.6239686E-02	  8.4600140E+00
  8.4591084E+02	  1.6088220E-02	  8.4777422E+00
  8.4748609E+02	  1.5939515E-02	  8.4954557E+00
  8.4906135E+02	  1.5814629E-02	  8.5131896E+00
  8.5063660E+02	  1.5675351E-02	  8.5309586E+00
  8.5221185E+02	  1.5513664E-02	  8.5487227E+00
  8.5378711E+02	  1.5370452E-02	  8.5664809E+00
  8.5536236E+02	  1.5239693E-02	  8.5842737E+00
  8.5693761E+02	  1.5082538E-02	  8.6020884E+00
  8.5851287E+02	  1.4918256E-02	  8.6198888E+00
  8.6008812E+02	  1.4779039E-02	  8.63770023105
  8.6166337E+02	  1.4634572E-02	  8.6555501E+00
  8.6323862E+02	  1.4463002E-02	  8.6734041E+00
  8.6481388E+02	  1.4302056E-02	  8.6912464E+00
  8.6638913E+02	  1.4160624E-02	  8.7091171E+00
  8.6796438E+02	  1.3997909E-02	  8.7270181E+00
  8.6953964E+02	  1.3818941E-02	  8.7449089E+00
  8.7111489E+02	  1.3662740E-02	  8.7628016E+00
  8.7269014E+02	  1.3510890E-02	  8.7807326E+00
  8.7426540E+02	  1.3330638E-02	  8.7986776E+00
  8.7584065E+02	  1.3151544E-02	  8.8166084E+00
  8.7741590E+02	  1.2996189E-02	  8.8345593E+00
  8.7899115E+02	  1.2827261E-02	  8.8525465E+00
  8.8056641E+02	  1.2634907E-02	  8.8705307E+00
  8.8214166E+02	  1.2459758E-02	  8.8885090E+00
  8.8371691E+02	  1.2297722E-02	  8.9065218E+00
  8.8529217E+02	  1.2109544E-02	  8.9245585E+00
  8.8686742E+02	  1.1912694E-02	  8.9425821E+00
  8.8844267E+02	  1.1740397E-02	  8.9606163E+00
  8.9001792E+02	  1.1563784E-02	  8.9786899E+00
  8.9159318E+02	  1.1359471E-02	  8.9967695E+00
  8.9316843E+02	  1.1164272E-02	  9.0148379E+00
  8.9474368E+02	  1.0988931E-02	  9.0329344E+00
  8.9631894E+02	  1.0792931E-02	  9.0510629E+00
  8.9789419E+02	  1.0579344E-02	  9.0691829E+00
  8.9946944E+02	  1.0387587E-02	  9.0873045E+00
  9.0104470E+02	  1.0201070E-02	  9.1054648E+00
  9.0261995E+02	  9.9860134E-03	  9.1236412E+00
  9.0419520E+02	  9.7705056E-03	  9.1418044E+00
  9.0577045E+02	  9.5786679E-03	  9.1599871E+00
  9.0734571E+02	  9.3741358E-03	  9.1782076E+00
  9.0892096E+02	  9.1451941E-03	  9.1964271E+00
  9.1049621E+02	  8.9321697E-03	  9.2146406E+00
  9.1207147E+02	  8.7329535E-03	  9.2328888E+00
  9.1364672E+02	  8.5079059E-03	  9.2511628E+00
  9.1522197E+02	  8.2726392E-03	  9.2694251E+00
  9.1679723E+02	  8.0614020E-03	  9.2876976E+00
  9.1837248E+02	  7.8468407E-03	  9.3060103E+00
  9.1994773E+02	  7.6040271E-03	  9.3243313E+00
  9.2152298E+02	  7.3687919E-03	  9.3426416E+00
  9.2309824E+02	  7.1537683E-03	  9.3609797E+00
  9.2467349E+02	  6.9187714E-03	  9.3793516E+00
  9.2624874E+02	  6.6648681E-03	  9.3977168E+00
  9.2782400E+02	  6.4318348E-03	  9.4160834E+00
  9.2939925E+02	  6.2049732E-03	  9.4344891E+00
  9.3097450E+02	  5.9494974E-03	  9.4529132E+00
  9.3254976E+02	  5.6919497E-03	  9.4713250E+00
  9.3412501E+02	  5.4579996E-03	  9.4897560E+00
  9.3570026E+02	  5.2123011E-03	  9.5082261E+00
  9.3727551E+02	  4.9412307E-03	  9.5266973E+00
  9.3885077E+02	  4.6847503E-03	  9.5451627E+00
  9.4042602E+02	  4.4427897E-03	  9.5636628E+00
  9.4200127E+02	  4.1753749E-03	  9.5821909E+00
  9.4357653E+02	  3.8961925E-03	  9.6007087E+00
  9.4515178E+02	  3.6404950E-03	  9.6192363E+00
  9.4672703E+02	  3.3825135E-03	  9.6378051E+00
  9.4830228E+02	  3.0957668E-03	  9.6563846E+00
  9.4987754E+02	  2.8150306E-03	 9.674953754507
  9.5145279E+02	  2.5548661E-03	  9.6935506E+00
  9.5302804E+02	  2.2754917E-03	  9.7121831E+00
  9.5460330E+02	  1.9758994E-03	  9.7308108E+00
  9.5617855E+02	  1.6961734E-03	  9.7494396E+00
  9.5775380E+02	  1.4235880E-03	  9.7681082E+00
  9.5932906E+02	  1.1223693E-03	  9.7867974E+00
  9.6090431E+02	  8.1742298E-04	  9.8054753E+00
  9.6247956E+02	  5.3597490E-04	  9.8241721E+00
  9.6405481E+02	  2.4378501E-04	  9.8429096E+00
  9.6563007E+02	 -7.4709833E-05	  9.8616502E+00
  9.6720532E+02	 -3.7999321E-04	  9.8803852E+00
  9.6878057E+02	 -6.7003822E-04	  9.8991551E+00
  9.7035583E+02	 -9.8509953E-04	  9.9179551E+00
  9.7193108E+02	 -1.3135033E-03	  9.9367464E+00
  9.7350633E+02	 -1.6190248E-03	  9.9555472E+00
 975.0815850869	 -1.9257483E-03	  9.9743902E+00
  9.7665684E+02	 -2.2617091E-03	  9.9932462E+00
  9.7823209E+02	 -2.5932822E-03	  1.0012093E+01
  9.7980734E+02	 -2.9039492E-03	  1.0030966E+01
  9.8138260E+02	 -3.2330123E-03	  1.0049878E+01
  9.8295785E+02	 -3.5836116E-03	 10.06878649892
  9.8453310E+02	 -3.9154147E-03	  1.0087696E+01
  9.8610836E+02	 -4.2390967E-03	  1.0106646E+01
  9.8768361E+02	 -4.5913893E-03	  1.0125619E+01
  9.8925886E+02	 -4.9491148E-03	  1.0144582E+01
  9.9083411E+02	 -5.2834920E-03	  1.0163563E+01
  9.9240937E+02	 -5.6275676E-03	  1.0182587E+01
  9.9398462E+02	 -5.9988847E-03	  1.0201616E+01
  9.9555987E+02	 -6.3584481E-03	  1.0220640E+01
  9.9713513E+02	 -6.7020649E-03	  1.0239698E+01
  9.9871038E+02	 -7.0702023E-03	  1.0258789E+01
  1.0002856E+03	 -7.4532804E-03	  1.0277873E+01
  1.0018609E+03	 -7.8141455E-03	  1.0296967E+01
  1.0034361E+03	 -8.1751098E-03	  1.0316103E+01
  1.0050114E+03	 -8.5657605E-03	  1.0335255E+01
  1.0065866E+03	 -8.9537249E-03	  1.0354399E+01
  1.0081619E+03	 -9.3205003E-03	  1.0373569E+01
  1.0097372E+03	 -9.7048202E-03	  1.0392779E+01
  1.0113124E+03	 -1.0112014E-02	  1.0411989E+01
  1.0128877E+03	 -1.0501567E-02	  1.0431199E+01
  1.0144629E+03	 -1.0882015E-02	  1.0450450E+01
  1.0160382E+03	 -1.1291008E-02	  1.0469727E+01
  1.0176134E+03	 -1.1707213E-02	  1.0488995E+01
  1.0191887E+03	 -1.2100305E-02	  1.0508282E+01
  1.0207639E+03	 -1.2502014E-02	  1.0527612E+01
  1.0223392E+03	 -1.2931883E-02	  1.0546950E+01
  1.0239144E+03	 -1.3351550E-02	  1.0566283E+01
  1.0254897E+03	 -1.3754596E-02	  1.0585651E+01
  1.0270649E+03	 -1.4181627E-02	  1.0605054E+01
  1.0286402E+03	 -1.4625257E-02	  1.0624452E+01
  1.0302154E+03	 -1.5047446E-02	  1.0643859E+01
  1.0317907E+03	 -1.5468611E-02	  1.0663310E+01
  1.0333659E+03	 -1.5919882E-02	  1.0682779E+01
  1.0349412E+03	 -1.6370257E-02	  1.0702241E+01
  1.0365165E+03	 -1.6799214E-02	  1.0721730E+01
  1.0380917E+03	 -1.7244800E-02	  1.0741260E+01
  1.0396670E+03	 -1.7714612E-02	  1.0760792E+01
  1.0412422E+03	 -1.8168055E-02	  1.0780325E+01
  1.0428175E+03	 -1.8611430E-02	  1.0799900E+01
  1.0443927E+03	 -1.9083243E-02	  1.0819503E+01
  1.0459680E+03	 -1.9564103E-02	  1.0839098E+01
  1.0475432E+03	 -2.0022153E-02	  1.0858712E+01
  1.0491185E+03	 -2.0487691E-02	  1.0878371E+01
  1.0506937E+03	 -2.0982298E-02	  1.0898041E+01
  1.0522690E+03	 -2.1468358E-02	  1.0917706E+01
  1.0538442E+03	 -2.1937163E-02	  1.0937407E+01
  1.0554195E+03	 -2.2429362E-02	  1.0957145E+01
  1.0569947E+03	 -2.2939853E-02	  1.0976880E+01
  1.0585700E+03	 -2.3429759E-02	  1.0996624E+01
  1.0601452E+03	 -2.3917479E-02	  1.1016413E+01
  1.0617205E+03	 -2.4435670E-02	  1.1036224E+01
  1.0632958E+03	 -2.4954840E-02	  1.1056028E+01
  1.0648710E+03	 -2.5452427E-02	  1.1075859E+01
  1.0664463E+03	 -2.5965674E-02	  1.1095733E+01
  1.0680215E+03	 -2.6504504E-02	  1.1115612E+01
  1.0695968E+03	 -2.7028327E-02	  1.1135493E+01
  1.0711720E+03	 -2.7541091E-02	  1.1155416E+01
  1.0727473E+03	 -2.8082092E-02	  1.1175369E+01
  1.0743225E+03	 -2.8634030E-02	  1.1195318E+01
  1.0758978E+03	 -2.9163543E-02	  1.1215284E+01
  1.0774730E+03	 -2.9699364E-02	  1.1235297E+01
  1.0790483E+03	 -3.0265124E-02	 11.25532469706
  1.0806235E+03	 -3.0824067E-02	  1.1275348E+01
  1.0821988E+03	 -3.1365116E-02	  1.1295408E+01
  1.0837740E+03	 -3.1928843E-02	  1.1315507E+01
  1.0853493E+03	 -3.2512541E-02	  1.1335605E+01
  1.0869245E+03	 -3.3076588E-02	  1.1355713E+01
  1.0884998E+03	 -3.3637245E-02	  1.1375868E+01
  1.0900751E+03	 -3.4228656E-02	  1.1396046E+01
  1.0916503E+03	 -3.4822964E-02	  1.1416220E+01
  1.0932256E+03	 -3.5395541E-02	  1.1436421E+01
  1.0948008E+03	 -3.5982684E-02	  1.1456667E+01
  1.0963761E+03	 -3.6596707E-02	  1.1476921E+01
  1.0979513E+03	 -3.7197138E-02	  1.1497177E+01
  1.0995266E+03	 -3.7785474E-02	  1.1517476E+01
  1.1011018E+03	 -3.8401726E-02	  1.1537810E+01
  1.1026771E+03	 -3.9030805E-02	  1.1558139E+01
  1.1042523E+03	 -3.9637867E-02	  1.1578487E+01
  1.1058276E+03	 -4.0249913E-02	  1.1598884E+01
  1.1074028E+03	 -4.0892637E-02	  1.1619298E+01
  1.1089781E+03	 -4.1530307E-02	  1.1639710E+01
  1.1105533E+03	 -4.2149419E-02	  1.1660157E+01
  1.1121286E+03	 -4.2790350E-02	  1.1680648E+01
  1.1137038E+03	 -4.3452892E-02	  1.1701140E+01
  1.1152791E+03	 -4.4096746E-02	  1.1721642E+01
  1.1168544E+03	 -4.4735869E-02	  1.1742192E+01
  1.1184296E+03	 -4.5405850E-02	  1.1762770E+01
  1.1200049E+03	 -4.6080636E-02	  1.1783344E+01
  1.1215801E+03	 -4.6733519E-02	  1.1803946E+01
  1.1231554E+03	 -4.7399685E-02	  1.1824596E+01
  1.1247306E+03	 -4.8093893E-02	  1.1845257E+01
  1.1263059E+03	 -4.8775934E-02	  1.1865921E+01
  1.1278811E+03	 -4.9444748E-02	  1.1886628E+01
  1.1294564E+03	 -5.0140948E-02	  1.1907373E+01
  1.1310316E+03	 -5.0851797E-02	  1.1928117E+01
  1.1326069E+03	 -5.1541007E-02	  1.1948880E+01
  1.1341821E+03	 -5.2233691E-02	  1.1969693E+01
  1.1357574E+03	 -5.2957620E-02	  1.1990527E+01
  1.1373326E+03	 -5.3678228E-02	  1.2011360E+01
  1.1389079E+03	 -5.4379502E-02	  1.2032230E+01
  1.1404831E+03	 -5.5101479E-02	  1.2053145E+01
  1.1420584E+03	 -5.5846561E-02	  1.2074066E+01
  1.1436337E+03	 -5.6573877E-02	  1.2094997E+01
  1.1452089E+03	 -5.7294935E-02	  1.2115977E+01
  1.1467842E+03	 -5.8046717E-02	  1.2136989E+01
  1.1483594E+03	 -5.8805131E-02	  1.2157999E+01
  1.1499347E+03	 -5.9541371E-02	  1.2179037E+01
  1.1515099E+03	 -6.0289340E-02	  1.2200127E+01
  1.1530852E+03	 -6.1066317E-02	  1.2221230E+01
  1.1546604E+03	 -6.1832493E-02	  1.2242338E+01
  1.1562357E+03	 -6.2584116E-02	  1.2263489E+01
  1.1578109E+03	 -6.3362289E-02	  1.2284683E+01
  1.1593862E+03	 -6.4156780E-02	  1.2305878E+01
  1.1609614E+03	 -6.4929931E-02	  1.2327092E+01
  1.1625367E+03	 -6.5704775E-02	  1.2348359E+01
  1.1641119E+03	 -6.6511140E-02	  1.2369650E+01
  1.1656872E+03	 -6.7315813E-02	  1.2390942E+01
 1167.262446768	 -6.8100222E-02	  1.2412271E+01
  1.1688377E+03	 -6.8903894E-02	  1.2433650E+01
  1.1704130E+03	 -6.9731950E-02	  1.2455037E+01
  1.1719882E+03	 -7.0543071E-02	  1.2476435E+01
  1.1735635E+03	 -7.1346159E-02	  1.2497884E+01
 1175.138711591	 -7.2179504E-02	  1.2519368E+01
  1.1767140E+03	 -7.3021153E-02	  1.2540853E+01
  1.1782892E+03	 -7.3840213E-02	  1.2562367E+01
  1.1798645E+03	 -7.4669110E-02	  1.2583934E+01
  1.1814397E+03	 -7.5527688E-02	  1.2605520E+01
  1.1830150E+03	 -7.6376716E-02	  1.2627110E+01
  1.1845902E+03	 -7.7209639E-02	  1.2648746E+01
  1.1861655E+03	 -7.8067905E-02	  1.2670427E+01
  1.1877407E+03	 -7.8943940E-02	  1.2692113E+01
  1.1893160E+03	 -7.9798783E-02	  1.2713819E+01
  1.1908912E+03	 -8.0653196E-02	  1.2735579E+01
  1.1924665E+03	 -8.1539059E-02	  1.2757369E+01
  1.1940417E+03	 -8.2424717E-02	  1.2779160E+01
  1.1956170E+03	 -8.3288971E-02	  1.2800990E+01
  1.1971923E+03	 -8.4170650E-02	  1.2822872E+01
  1.1987675E+03	 -8.5077710E-02	  1.2844766E+01
  1.2003428E+03	 -8.5968526E-02	  1.2866672E+01
  1.2019180E+03	 -8.6849212E-02	  1.2888630E+01
  1.2034933E+03	 -8.7759280E-02	  1.2910629E+01
  1.2050685E+03	 -8.8679117E-02	  1.2932630E+01
  1.2066438E+03	 -8.9575777E-02	  1.2954660E+01
  1.2082190E+03	 -9.0480006E-02	  1.2976747E+01
  1.2097943E+03	 -9.1414261E-02	  1.2998856E+01
  1.2113695E+03	 -9.2340062E-02	  1.3020971E+01
  1.2129448E+03	 -9.3247922E-02	  1.3043133E+01
  1.2145200E+03	 -9.4179492E-02	  1.3065344E+01
  1.2160953E+03	 -9.5130045E-02	  1.3087563E+01
  1.2176705E+03	 -9.6059422E-02	  1.3109802E+01
  1.2192458E+03	 -9.6985912E-02	  1.3132098E+01
  1.2208210E+03	 -9.7943399E-02	  1.3154427E+01
  1.2223963E+03	 -9.8901974E-02	 13.17676016183
  1.2239716E+03	 -9.9837773E-02	  1.3199132E+01
  1.2255468E+03	 -1.0078874E-01	  1.3221560E+01
  1.2271221E+03	 -1.0176580E-01	  1.3244004E+01
  1.2286973E+03	 -1.0272716E-01	  1.3266460E+01
  1.2302726E+03	 -1.0367599E-01	  1.3288970E+01
  1.2318478E+03	 -1.0465290E-01	  1.3311524E+01
  1.2334231E+03	 -1.0564085E-01	  1.3334084E+01
  1.2349983E+03	 -1.0660484E-01	  1.3356673E+01
  1.2365736E+03	 -1.0757373E-01	  1.3379321E+01
  1.2381488E+03	 -1.0857264E-01	  1.3401996E+01
  1.2397241E+03	 -1.0956406E-01	  1.3424679E+01
  1.2412993E+03	 -1.1053546E-01	  1.3447408E+01
  1.2428746E+03	 -1.1152850E-01	  1.3470191E+01
  1.2444498E+03	 -1.1254149E-01	  1.3492985E+01
  1.2460251E+03	 -1.1353316E-01	  1.3515800E+01
  1.2476003E+03	 -1.1451913E-01	  1.3538673E+01
  1.2491756E+03	 -1.1553526E-01	  1.3561585E+01
  1.2507509E+03	 -1.1655365E-01	  1.3584502E+01
  1.2523261E+03	 -1.1754773E-01	  1.3607457E+01
  1.2539014E+03	 -1.1855431E-01	  1.3630473E+01
  1.2554766E+03	 -1.1958737E-01	  1.3653508E+01
  1.2570519E+03	 -1.2060519E-01	  1.3676556E+01
  1.2586271E+03	 -1.2160780E-01	  1.3699660E+01
  1.2602024E+03	 -1.2263681E-01	  1.3722811E+01
  1.2617776E+03	 -1.2367797E-01	  1.3745972E+01
  1.2633529E+03	 -1.2469430E-01	  1.3769161E+01
  1.2649281E+03	 -1.2571250E-01	  1.3792412E+01
  1.2665034E+03	 -1.2676039E-01	  1.3815695E+01
  1.2680786E+03	 -1.2780168E-01	  1.3838985E+01
  1.2696539E+03	 -1.2882069E-01	  1.3862324E+01
  1.2712291E+03	 -1.2985893E-01	  1.3885720E+01
  1.2728044E+03	 -1.3091788E-01	  1.3909130E+01
  1.2743796E+03	 -1.3195533E-01	  1.3932560E+01
  1.2759549E+03	 -1.3298397E-01	  1.3956052E+01
  1.2775302E+03	 -1.3404158E-01	  1.3979586E+01
  1.2791054E+03	 -1.3510255E-01	  1.4003127E+01
  1.2806807E+03	 -1.3613757E-01	  1.4026707E+01
  1.2822559E+03	 -1.3718209E-01	  1.4050350E+01
  1.2838312E+03	 -1.3825329E-01	  1.4074017E+01
  1.2854064E+03	 -1.3930970E-01	  1.4097697E+01
  1.2869817E+03	 -1.4034805E-01	  1.4121434E+01
  1.2885569E+03	 -1.4141081E-01	  1.4145222E+01
  1.2901322E+03	 -1.4248674E-01	  1.4169022E+01
  1.2917074E+03	 -1.4353696E-01	  1.4192851E+01
  1.2932827E+03	 -1.4458575E-01	  1.4216745E+01
  1.2948579E+03	 -1.4566365E-01	  1.4240673E+01
  1.2964332E+03	 -1.4673586E-01	  1.4264611E+01
  1.2980084E+03	 -1.4778345E-01	  1.4288597E+01
  1.2995837E+03	 -1.4884753E-01	  1.4312644E+01
  1.3011589E+03	 -1.4993300E-01	  1.4336709E+01
  1.3027342E+03	 -1.5099688E-01	  1.4360794E+01
  1.3043095E+03	 -1.5204866E-01	  1.4384942E+01
  1.3058847E+03	 -1.5312801E-01	  1.4409136E+01
  1.3074600E+03	 -1.5421185E-01	  1.4433340E+01
  1.3090352E+03	 -1.5526813E-01	  1.4457582E+01
  1.3106105E+03	 -1.5633069E-01	  1.4481890E+01
  1.3121857E+03	 -1.5742000E-01	  1.4506225E+01
  1.3137610E+03	 -1.5849511E-01	  1.4530575E+01
  1.3153362E+03	 -1.5954924E-01	  1.4554981E+01
  1.3169115E+03	 -1.6062554E-01	  1.4579443E+01
  1.3184867E+03	 -1.6171606E-01	  1.4603920E+01
  1.3200620E+03	 -1.6278013E-01	  1.4628425E+01
  1.3216372E+03	 -1.6383932E-01	  1.4652997E+01
  1.3232125E+03	 -1.6492691E-01	  1.4677607E+01
  1.3247877E+03	 -1.6600989E-01	  1.4702229E+01
  1.3263630E+03	 -1.6706597E-01	 14.72689886528
  1.3279382E+03	 -1.6813561E-01	  1.4751633E+01
  1.3295135E+03	 -1.6922730E-01	  1.4776388E+01
  1.3310888E+03	 -1.7029752E-01	  1.4801163E+01
  1.3326640E+03	 -1.7135237E-01	  1.4826002E+01
  1.3342393E+03	 -1.7243323E-01	  1.4850892E+01
  1.3358145E+03	 -1.7351985E-01	  1.4875793E+01
  1.3373898E+03	 -1.7457749E-01	  1.4900732E+01
  1.3389650E+03	 -1.7563804E-01	  1.4925740E+01
  1.3405403E+03	 -1.7672540E-01	  1.4950779E+01
  1.3421155E+03	 -1.7779940E-01	  1.4975833E+01
  1.3436908E+03	 -1.7884957E-01	  1.5000943E+01
  1.3452660E+03	 -1.7991951E-01	  1.5026114E+01
  1.3468413E+03	 -1.8100487E-01	  1.5051302E+01
  1.3484165E+03	 -1.8206329E-01	  1.5076518E+01
  1.3499918E+03	 -1.8311337E-01	  1.5101802E+01
  1.3515670E+03	 -1.8419111E-01	  1.5127129E+01
  1.3531423E+03	 -1.8526559E-01	  1.5152469E+01
  1.3547175E+03	 -1.8631106E-01	  1.5177856E+01
  1.3562928E+03	 -1.8736707E-01	  1.5203311E+01
  1.3578681E+03	 -1.8844593E-01	  1.5228790E+01
  1.3594433E+03	 -1.8950375E-01	  1.5254290E+01
  1.3610186E+03	 -1.9054291E-01	  1.5279854E+01
  1.3625938E+03	 -1.9160646E-01	  1.5305473E+01
  1.3641691E+03	 -1.9267733E-01	  1.5331106E+01
  1.3657443E+03	 -1.9371807E-01	  1.5356776E+01
  1.3673196E+03	 -1.9475832E-01	  1.5382517E+01
  1.3688948E+03	 -1.9582547E-01	  1.5408294E+01
  1.3704701E+03	 -1.9688046E-01	  1.5434086E+01
  1.3720453E+03	 -1.9790892E-01	  1.5459935E+01
  1.3736206E+03	 -1.9895474E-01	  1.5485848E+01
  1.3751958E+03	 -2.0001736E-01	  1.5511780E+01
  1.3767711E+03	 -2.0105290E-01	  1.5537741E+01
  1.3783463E+03	 -2.0207664E-01	  1.5563772E+01
  1.3799216E+03	 -2.0312728E-01	  1.5589850E+01
  1.3814968E+03	 -2.0417636E-01	  1.5615941E+01
  1.3830721E+03	 -2.0519461E-01	  1.5642081E+01
  1.3846474E+03	 -2.0622033E-01	  1.5668290E+01
  1.3862226E+03	 -2.0726977E-01	  1.5694529E+01
  1.3877979E+03	 -2.0829898E-01	  1.5720788E+01
  1.3893731E+03	 -2.0930638E-01	  1.5747112E+01
  1.3909484E+03	 -2.1033649E-01	  1.5773495E+01
  1.3925236E+03	 -2.1137577E-01	  1.5799894E+01
  1.3940989E+03	 -2.1238412E-01	  1.5826331E+01
  1.3956741E+03	 -2.1338854E-01	  1.5852840E+01
  1.3972494E+03	 -2.1442000E-01	  1.5879390E+01
  1.3988246E+03	 -2.1544089E-01	  1.5905956E+01
  1.4003999E+03	 -2.1643276E-01	  1.5932579E+01
  1.4019751E+03	 -2.1743945E-01	  1.5959270E+01
  1.4035504E+03	 -2.1846454E-01	  1.5985984E+01
  1.4051256E+03	 -2.1946280E-01	  1.6012726E+01
  1.4067009E+03	 -2.2044580E-01	  1.6039539E+01
  1.4082762E+03	 -2.2145488E-01	  1.6066405E+01
  1.4098514E+03	 -2.2246439E-01	  1.6093287E+01
  1.4114267E+03	 -2.2344148E-01	  1.6120215E+01
  1.4130019E+03	 -2.2442284E-01	  1.6147217E+01
  1.4145772E+03	 -2.2542893E-01	  1.6174253E+01
  1.4161524E+03	 -2.2641600E-01	  1.6201309E+01
  1.4177277E+03	 -2.2737821E-01	  1.6228431E+01
  1.4193029E+03	 -2.2836129E-01	  1.6255617E+01
  1.4208782E+03	 -2.2935557E-01	  1.6282823E+01
  1.4224534E+03	 -2.3031837E-01	  1.6310065E+01
  1.4240287E+03	 -2.3127369E-01	  1.6337382E+01
  1.4256039E+03	 -2.3225616E-01	  1.6364746E+01
  1.4271792E+03	 -2.3322994E-01	  1.6392126E+01
  1.4287544E+03	 -2.3417233E-01	  1.6419563E+01
  1.4303297E+03	 -2.3512678E-01	  1.6447074E+01
  1.4319049E+03	 -2.3610130E-01	  1.6474611E+01
  1.4334802E+03	 -2.3704952E-01	  1.6502176E+01
  1.4350555E+03	 -2.3797895E-01	  1.6529814E+01
  1.4366307E+03	 -2.3893346E-01	  1.6557511E+01
  1.4382060E+03	 -2.3989062E-01	  1.6585225E+01
  1.4397812E+03	 -2.4081394E-01	 16.61298580161
  1.4413565E+03	 -2.4173807E-01	  1.6640825E+01
  1.4429317E+03	 -2.4268784E-01	  1.6668702E+01
  1.4445070E+03	 -2.4362001E-01	  1.6696601E+01
  1.4460822E+03	 -2.4452416E-01	  1.6724566E+01
  1.4476575E+03	 -2.4544705E-01	  1.6752600E+01
  1.4492327E+03	 -2.4638326E-01	  1.6780658E+01
  1.4508080E+03	 -2.4728758E-01	  1.6808752E+01
  1.4523832E+03	 -2.4818059E-01	  1.6836925E+01
  1.4539585E+03	 -2.4910054E-01	  1.6865149E+01
  1.4555337E+03	 -2.5001381E-01	  1.6893392E+01
  1.4571090E+03	 -2.5089325E-01	  1.6921693E+01
  1.4586842E+03	 -2.5178160E-01	 16.95007083974
  1.4602595E+03	 -2.5269157E-01	  1.6978481E+01
  1.4618348E+03	 -2.5357589E-01	  1.7006920E+01
  1.4634100E+03	 -2.5443759E-01	  1.7035433E+01
  1.4649853E+03	 -2.5532293E-01	  1.7064011E+01
  1.4665605E+03	 -2.5621313E-01	  1.7092609E+01
  1.4681358E+03	 -2.5706797E-01	  1.7121255E+01
  1.4697110E+03	 -2.5791968E-01	  1.7149982E+01
  1.4712863E+03	 -2.5879759E-01	  1.7178754E+01
  1.4728615E+03	 -2.5965934E-01	  1.7207549E+01
  1.4744368E+03	 -2.6048961E-01	  1.7236411E+01
  1.4760120E+03	 -2.6133590E-01	  1.7265348E+01
  1.4775873E+03	 -2.6219742E-01	  1.7294313E+01
  1.4791625E+03	 -2.6302662E-01	  1.7323315E+01
  1.4807378E+03	 -2.6384010E-01	  1.7352399E+01
  1.4823130E+03	 -2.6467981E-01	  1.7381540E+01
  1.4838883E+03	 -2.6551476E-01	  1.7410703E+01
  1.4854635E+03	 -2.6631316E-01	  1.7439924E+01
  1.4870388E+03	 -2.6711658E-01	  1.7469228E+01
  1.4886141E+03	 -2.6794275E-01	  1.7498570E+01
  1.4901893E+03	 -2.6874374E-01	  1.7527940E+01
  1.4917646E+03	 -2.6951769E-01	  1.7557388E+01
  1.4933398E+03	 -2.7031308E-01	  1.7586907E+01
  1.4949151E+03	 -2.7111526E-01	  1.7616450E+01
  1.4964903E+03	 -2.7188029E-01	  1.7646041E+01
  1.4980656E+03	 -2.7263746E-01	  1.7675718E+01
  1.4996408E+03	 -2.7342074E-01	  1.7705446E+01
  1.5012161E+03	 -2.7418906E-01	  1.7735199E+01
  1.5027913E+03	 -2.7492186E-01	  1.7765020E+01
  1.5043666E+03	 -2.7566704E-01	  1.7794923E+01
  1.5059418E+03	 -2.7642887E-01	  1.7824860E+01
  1.5075171E+03	 -2.7715760E-01	  1.7854832E+01
  1.5090923E+03	 -2.7786541E-01	  1.7884891E+01
  1.5106676E+03	 -2.7859784E-01	  1.7915015E+01
  1.5122428E+03	 -2.7932702E-01	  1.7945162E+01
  1.5138181E+03	 -2.8001632E-01	  1.7975368E+01
  1.5153934E+03	 -2.8070574E-01	  1.8005663E+01
  1.5169686E+03	 -2.8141830E-01	  1.8036003E+01
  1.5185439E+03	 -2.8210579E-01	  1.8066372E+01
  1.5201191E+03	 -2.8276099E-01	  1.8096820E+01
  1.5216944E+03	 -2.8343442E-01	  1.8127347E+01
  1.5232696E+03	 -2.8411600E-01	  1.8157903E+01
  1.5248449E+03	 -2.8475807E-01	  1.8188506E+01
  1.5264201E+03	 -2.8538643E-01	  1.8219200E+01
  1.5279954E+03	 -2.8603992E-01	  1.8249953E+01
  1.5295706E+03	 -2.8667919E-01	  1.8280731E+01
  1.5311459E+03	 -2.8727812E-01	  1.8311580E+01
  1.5327211E+03	 -2.8788461E-01	  1.8342518E+01
  1.5342964E+03	 -2.8850838E-01	  1.8373493E+01
  1.5358716E+03	 -2.8909768E-01	  1.8404506E+01
  1.5374469E+03	 -2.8965976E-01	  1.8435608E+01
  1.5390221E+03	 -2.9024374E-01	  1.8466782E+01
  1.5405974E+03	 -2.9082540E-01	  1.8497984E+01
  1.5421727E+03	 -2.9136312E-01	  1.8529244E+01
  1.5437479E+03	 -2.9189482E-01	  1.8560599E+01
  1.5453232E+03	 -2.9244913E-01	  1.8592006E+01
  1.5468984E+03	 -2.9297792E-01	  1.8623442E+01
  1.5484737E+03	 -2.9346815E-01	  1.8654960E+01
  1.5500489E+03	 -2.9397211E-01	  1.8686564E+01
  1.5516242E+03	 -2.9448482E-01	  1.8718201E+01
  1.5531994E+03	 -2.9495500E-01	  1.8749885E+01
  1.5547747E+03	 -2.9540441E-01	  1.8781664E+01
 1556.349929024	 -2.9587680E-01	  1.8813510E+01
  1.5579252E+03	 -2.9633509E-01	  1.8845383E+01
  1.5595004E+03	 -2.9674728E-01	  1.8877327E+01
  1.5610757E+03	 -2.9716090E-01	  1.8909366E+01
  1.5626509E+03	 -2.9759157E-01	  1.8941449E+01
 1564.226193847	 -2.9798581E-01	  1.8973569E+01
  1.5658014E+03	 -2.9834536E-01	  1.9005781E+01
  1.5673767E+03	 -2.9872288E-01	  1.9038073E+01
  1.5689520E+03	 -2.9909838E-01	  1.9070395E+01
  1.5705272E+03	 -2.9942512E-01	  1.9102775E+01
  1.5721025E+03	 -2.9973833E-01	  1.9135255E+01
  1.5736777E+03	 -3.0007258E-01	  1.9167793E+01
  1.5752530E+03	 -3.0038030E-01	  1.9200362E+01
