              0	 -4.3922249E-12	  5.0131250E+01
  1.5752530E+00	 -1.0597991E+00	 -2.7393035E+01
  3.1505059E+00	  1.0812949E+01	  1.2908438E+00
  4.7257589E+00	 -3.0822477E+00	  6.1515426E+00
  6.3010119E+00	 -4.4899235E+00	 -3.5065437E+00
  7.8762648E+00	  3.1664368E+00	 -3.2716267E+00
  9.4515178E+00	  2.0674241E+00	  2.9090596E+00
  1.1026771E+01	 -2.8715973E+00	  1.1932106E+00
  1.2602024E+01	 -6.7896124E-01	 -2.7466158E+00
  1.4177277E+01	  2.4454279E+00	 -2.5052989E-01
  1.5752530E+01	 -2.0249930E-01	  2.1481753E+00
  1.7327783E+01	 -1.9341034E+00	 -5.6158712E-01
  1.8903036E+01	  7.7392997E-01	 -1.7009955E+00
  2.0478289E+01	  1.39832559336	  9.3496251E-01
  2.2053542E+01	 -1.0993023E+00	  1.1032116E+00
  2.3628794E+01	 -8.6254672E-01	 -1.2111738E+00
  2.5204047E+01	  1.2376055E+00	 -6.2837192E-01
  2.6779300E+01	  3.7081299E-01	  1.2277671E+00
  2.8354553E+01	 -1.2160118E+00	  1.3195622E-01
  2.9929806E+01	  5.8419481E-02	 -1.1727056E+00
  3.1505059E+01	  1.0779081E+00	  2.2787831E-01
  3.3080312E+01	 -3.9658493E-01	  9.6250362E-01
  3.4655565E+01	 -8.5092738E-01	 -5.3957243E-01
  3.6230818E+01	  6.3770264E-01	 -7.2633403E-01
  3.7806071E+01	  5.7618046E-01	  7.0974776E-01
  3.9381324E+01	 -7.7135283E-01	  4.2176230E-01
  4.0956577E+01	 -2.8116026E-01	 -8.0765633E-01
  4.2531830E+01	  8.0675446E-01	 -1.4380200E-01
  4.4107083E+01	  8.8579945E-04	  7.8325718E-01
  4.5682336E+01	 -7.5040039E-01	 -1.3273873E-01
  4.7257589E+01	  2.4410408E-01	 -6.9961760E-01
  4.8832842E+01	  6.2386689E-01	  3.4109129E-01
  5.0408095E+01	 -4.3097965E-01	  5.3517283E-01
  5.1983348E+01	 -4.4483127E-01	 -5.0404598E-01
  5.3558601E+01	  5.5173847E-01	 -3.4798724E-01
  5.5133854E+01	  2.4035972E-01	  5.8104125E-01
  5.6709107E+01	 -5.9891555E-01	  1.3160942E-01
  5.8284360E+01	 -3.0886131E-02	 -5.9970700E-01
  5.9859613E+01	  5.7845458E-01	  6.5006830E-02
  6.1434866E+01	 -1.5927400E-01	  5.4189040E-01
  6.3010119E+01	 -4.9687202E-01	 -2.4482626E-01
  6.4585372E+01	  3.1503910E-01	 -4.4064085E-01
  6.6160625E+01	  3.7073868E-01	  3.7284987E-01
  6.7735877E+01	 -4.2150705E-01	  2.9344731E-01
  6.9311130E+01	 -2.1510238E-01	 -4.5660568E-01
  7.0886383E+01	  4.7412940E-01	 -1.3455710E-01
  7.2461636E+01	  5.0615993E-02	  4.7743106E-01
  7.4036889E+01	 -4.7025911E-01	 -3.1489861E-02
  7.5612142E+01	  1.0660182E-01	 -4.5061177E-01
  7.7187395E+01	  4.1668630E-01	  1.7542958E-01
  7.8762648E+01	 -2.3903294E-01	  3.7224167E-01
  8.0337901E+01	 -3.2138382E-01	 -2.9378905E-01
  8.1913154E+01	  3.3622705E-01	 -2.6377933E-01
  8.3488407E+01	  1.9906432E-01	  3.6747016E-01
  8.5063660E+01	 -3.8912070E-01	  1.3092754E-01
  8.6638913E+01	 -6.3242099E-02	 -3.9939740E-01
  8.8214166E+01	  3.9665677E-01	  3.5855433E-03
  8.9789419E+01	 -6.9413527E-02	  3.8272975E-01
  9.1364672E+01	 -3.5991029E-01	 -1.3129030E-01
  9.2939925E+01	  1.8624359E-01	 -3.2803286E-01
  9.4515178E+01	  2.8695779E-01	  2.3398921E-01
  9.6090431E+01	 -2.7466663E-01	  2.3899705E-01
  9.7665684E+01	 -1.8679904E-01	 -3.0659157E-01
  9.9240937E+01	  3.2813816E-01	 -1.3121376E-01
  1.0081619E+02	  7.2928044E-02	  3.3967117E-01
  1.0239144E+02	 -3.4203627E-01	  1.4181136E-02
  1.0396670E+02	  4.2626124E-02	 -3.3495807E-01
  1.0554195E+02	  3.1821439E-01	  9.6404998E-02
  1.0711720E+02	 -1.4638497E-01	  2.9289136E-01
  1.0869245E+02	 -2.6047865E-01	 -1.9102287E-01
  1.1026771E+02	  2.2876059E-01	 -2.2185725E-01
  1.1184296E+02	  1.7784521E-01	  2.5889865E-01
  1.1341821E+02	 -2.8117375E-01	  1.2989304E-01
  1.1499347E+02	 -7.9731138E-02	 -2.9514767E-01
  1.1656872E+02	  3.0041031E-01	 -2.8817477E-02
  1.1814397E+02	 -2.1612523E-02	  2.9697886E-01
  1.1971923E+02	 -2.8530973E-01	 -7.0294434E-02
  1.2129448E+02	  1.1583983E-01	 -2.6609876E-01
  1.2286973E+02	  2.4002647E-01	  1.5686118E-01
  1.2444498E+02	 -1.9232823E-01	  2.0773467E-01
  1.2602024E+02	 -1.7021437E-01	 -2.2168768E-01
  1.2759549E+02	  2.4437299E-01	 -1.2896482E-01
  1.2917074E+02	  8.5357836E-02	  2.5953999E-01
  1.3074600E+02	 -2.6676547E-01	  4.0242223E-02
  1.3232125E+02	  5.3123617E-03	 -2.6648599E-01
  1.3389650E+02	  2.5913223E-01	  4.9546567E-02
  1.3547175E+02	 -9.0976885E-02	  2.4455036E-01
  1.3704701E+02	 -2.2298466E-01	 -1.2906609E-01
  1.3862226E+02	  1.6318721E-01	 -1.9576945E-01
  1.4019751E+02	  1.6417305E-01	  1.9186665E-01
  1.4177277E+02	 -2.1400504E-01	  1.2852428E-01
  1.4334802E+02	 -8.9451187E-02	 -2.2979876E-01
  1.4492327E+02	  2.3941919E-01	 -4.8810564E-02
  1.4649853E+02	  8.2701454E-03	  2.4200371E-01
  1.4807378E+02	 -2.3709120E-01	 -3.1793332E-02
  1.4964903E+02	  7.0836638E-02	 -2.2574517E-01
  1.5122428E+02	  2.0899801E-01	  1.0699403E-01
  1.5279954E+02	 -1.3870497E-01	  1.8659939E-01
  1.5437479E+02	 -1.5864915E-01	 -1.6602045E-01
  1.5595004E+02	  1.8892303E-01	 -1.2690187E-01
  1.5752530E+02	  9.2995277E-02	  2.0597004E-01
  1.5910055E+02	 -2.1609583E-01	  5.7004940E-02
  1.6067580E+02	 -1.9250313E-02	 -2.2007837E-01
  1.6225106E+02	  2.1866419E-01	  1.8234385E-02
  1.6382631E+02	 -5.3645589E-02	  2.1102475E-01
  1.6540156E+02	 -1.9670355E-01	 -8.7018640E-02
  1.6697681E+02	  1.1826142E-01	 -1.7722300E-01
  1.6855207E+02	  1.5403950E-01	  1.4552096E-01
  1.7012732E+02	 -1.6726736E-01	  1.2682980E-01
  1.7170257E+02	 -9.5566044E-02	 -1.8404178E-01
  1.7327783E+02	  1.9633736E-01	 -6.2258896E-02
  1.7485308E+02	  2.8766387E-02	 0.202803715538
  1.7642833E+02	 -2.0244953E-01	 -5.0727479E-03
  1.7800358E+02	  3.9232342E-02	 -1.9651437E-01
  1.7957884E+02	  1.8619669E-01	  7.1622857E-02
  1.8115409E+02	 -1.0041362E-01	  1.7071274E-01
  1.8272934E+02	 -1.4961082E-01	 -1.2601657E-01
  1.8430460E+02	  1.4874975E-01	 -1.2474226E-01
  1.8587985E+02	  9.7858801E-02	  1.6683997E-01
  1.8745510E+02	 -1.7884489E-01	  6.8547901E-02
  1.8903036E+02	 -3.6644255E-02	 -1.8573279E-01
  1.9060561E+02	  1.8842616E-01	 -4.3013947E-03
  1.9218086E+02	 -2.6521192E-02	  1.8568139E-01
  1.9375611E+02	 -1.7659835E-01	 -5.6228466E-02
 195.3313676103	  8.5077114E-02	 -1.6278212E-01
  1.9690662E+02	  1.4577266E-01	  1.1100696E-01
  1.9848187E+02	 -1.3224124E-01	  1.2481760E-01
  2.0005713E+02	 -9.9455858E-02	 -1.4954083E-01
  2.0163238E+02	  1.6359485E-01	 -7.1758743E-02
  2.0320763E+02	  4.3661699E-02	  1.7274940E-01
  2.0478289E+02	 -1.7568207E-01	  1.4640958E-02
  2.0635814E+02	  1.5623624E-02	 -1.7372418E-01
  2.0793339E+02	  1.6815532E-01	  4.4932192E-02
  2.0950864E+02	 -7.1311201E-02	  1.5783808E-01
  2.1108390E+02	 -1.4195195E-01	 -9.5414331E-02
  2.1265915E+02	  1.1778152E-01	 -1.2237940E-01
  2.1423440E+02	  1.0091221E-01	  1.3643935E-01
  2.1580966E+02	 -1.4971311E-01	  7.6798641E-02
  2.1738491E+02	 -4.9540982E-02	 -1.5868949E-01
  2.1896016E+02	  1.6438981E-01	 -2.1339226E-02
  2.2053542E+02	 -5.7793541E-03	  1.6529610E-01
  2.2211067E+02	 -1.6021295E-01	 -3.2476083E-02
  2.2368592E+02	  5.9247938E-02	 -1.5077438E-01
  2.2526117E+02	  1.3854918E-01	  8.3921815E-02
  2.2683643E+02	 -1.0457566E-01	  1.2248720E-01
  2.2841168E+02	 -1.0182322E-01	 -1.2211586E-01
  2.2998693E+02	  1.3736003E-01	 -7.8636563E-02
  2.3156219E+02	  5.4886662E-02	  1.4846001E-01
  2.3313744E+02	 -1.5387038E-01	  2.9792305E-02
  2.3471269E+02	 -2.7820530E-03	 -1.5496894E-01
  2.3628794E+02	  1.5307581E-01	  2.3895640E-02
  2.3786320E+02	 -4.8190668E-02	  1.4680609E-01
  2.3943845E+02	 -1.3507635E-01	 -7.0928652E-02
  2.4101370E+02	  9.2807069E-02	 -1.1976498E-01
  2.4258896E+02	  1.0266749E-01	  1.1173103E-01
  2.4416421E+02	 -1.2587328E-01	  8.2788249E-02
  2.4573946E+02	 -5.9381710E-02	 -1.3639352E-01
  2.4731472E+02	  1.4437854E-01	 -3.4652641E-02
  2.4888997E+02	  1.0657026E-02	  1.4812050E-01
  2.5046522E+02	 -1.4620962E-01	 -1.3456162E-02
  2.5204047E+02	  3.8366139E-02	 -1.4028391E-01
  2.5361573E+02	  1.3191772E-01	  6.1837974E-02
  2.5519098E+02	 -8.1858492E-02	  1.1984141E-01
  2.5676623E+02	 -1.0305972E-01	 -9.9439223E-02
  2.5834149E+02	  1.1549194E-01	 -8.3636625E-02
  2.5991674E+02	  6.3530090E-02	  1.2803552E-01
  2.6149199E+02	 -1.3536599E-01	  4.1762137E-02
  2.6306725E+02	 -1.7568290E-02	 -1.3888640E-01
  2.6464250E+02	  1.3993644E-01	  6.7874214E-03
  2.6621775E+02	 -2.9214940E-02	  1.3694887E-01
  2.6779300E+02	 -1.2864095E-01	 -5.0671454E-02
  2.6936826E+02	  7.1975885E-02	 -1.1687267E-01
  2.7094351E+02	  1.0342605E-01	  9.0954645E-02
  2.7251876E+02	 -1.0567727E-01	  8.7116256E-02
  2.7409402E+02	 -6.7006159E-02	 -1.1735548E-01
  2.7566927E+02	  1.2711928E-01	 -4.5285648E-02
  2.7724452E+02	  2.4013682E-02	  1.3312277E-01
  2.7881977E+02	 -1.3379720E-01	  2.1910380E-03
  2.8039503E+02	  2.1004267E-02	 -1.3077139E-01
  2.8197028E+02	  1.2561157E-01	  4.3306704E-02
  2.8354553E+02	 -6.2647618E-02	  1.1687950E-01
  2.8512079E+02	 -1.0340092E-01	 -8.0118324E-02
  2.8669604E+02	  9.6702098E-02	 -8.7210546E-02
  2.8827129E+02	  7.0249775E-02	  1.1032629E-01
  2.8984655E+02	 -1.1917087E-01	  5.1385611E-02
  2.9142180E+02	 -2.9698729E-02	 -1.2465095E-01
  2.9299705E+02	  1.2811422E-01	 -7.4480276E-03
  2.9457230E+02	 -1.3260203E-02	  1.2785567E-01
  2.9614756E+02	 -1.2243709E-01	 -3.3485721E-02
  2.9772281E+02	  5.4146214E-02	 -1.1368876E-01
  2.9929806E+02	  1.0337246E-01	  7.3021302E-02
  3.0087332E+02	 -8.8105938E-02	  9.0154209E-02
  3.0244857E+02	 -7.2938695E-02	 -1.0064965E-01
  3.0402382E+02	  1.1181704E-01	 -5.3889152E-02
  3.0559908E+02	  3.5056370E-02	  1.1965875E-01
  3.0717433E+02	 -1.2248048E-01	  1.5319181E-02
  3.0874958E+02	  6.2638571E-03	 -1.2189752E-01
  3.1032483E+02	  1.1946245E-01	  2.7414821E-02
  3.1190009E+02	 -4.6031217E-02	  1.1360225E-01
  3.1347534E+02	 -1.0299660E-01	 -6.3269215E-02
  3.1505059E+02	  8.0171426E-02	 -8.9645085E-02
  3.1662585E+02	  7.5465650E-02	  9.4600279E-02
  3.1820110E+02	 -1.0464691E-01	  5.9197776E-02
  3.1977635E+02	 -3.9790719E-02	 -1.1173258E-01
  3.2135160E+02	  1.1721001E-01	 -1.9487756E-02
  3.2292686E+02	  3.9920571E-04	  1.1926347E-01
  3.2450211E+02	 -1.1632808E-01	 -1.8623496E-02
  3.2607736E+02	  3.8581497E-02	 -1.1020467E-01
  3.2765262E+02	  1.0262924E-01	  5.7223824E-02
  3.2922787E+02	 -7.2494381E-02	  9.2142800E-02
  3.3080312E+02	 -7.7519643E-02	 -8.5674294E-02
  3.3237838E+02	  9.7953851E-02	 -6.0890570E-02
  3.3395363E+02	  4.4287454E-02	  1.0730475E-01
  3.3552888E+02	 -1.1193453E-01	  2.6487038E-02
  3.3710413E+02	 -6.4461353E-03	 -1.1344057E-01
  3.3867939E+02	  1.1335986E-01	  1.3559200E-02
  3.4025464E+02	 -3.1406596E-02	  1.1000931E-01
  3.4182989E+02	 -1.0194591E-01	 -4.8307788E-02
  3.4340515E+02	  6.5356929E-02	 -9.1131798E-02
  3.4498040E+02	  7.9457568E-02	  8.0369654E-02
  3.4655565E+02	 -9.1368870E-02	  6.5553532E-02
  3.4813091E+02	 -4.8256564E-02	 -9.9779721E-02
  3.4970616E+02	  1.0695640E-01	 -2.9786802E-02
  3.5128141E+02	  1.2248255E-02	  1.1099436E-01
  3.5285666E+02	 -1.1022427E-01	 -5.5838967E-03
  3.5443192E+02	  2.4784205E-02	 -1.0641543E-01
  3.5600717E+02	  1.0127718E-01	  4.3085742E-02
  3.5758242E+02	 -5.8395466E-02	  9.3245338E-02
  3.5915768E+02	 -8.0980678E-02	 -7.2021538E-02
  3.6073293E+02	  8.5178101E-02	 -6.6578432E-02
  3.6230818E+02	  5.2047921E-02	  9.5774696E-02
  3.6388343E+02	 -1.0193817E-01	  3.6075594E-02
  3.6545869E+02	 -1.7527809E-02	 -1.0524935E-01
  3.6703394E+02	  1.0722898E-01	  1.3284084E-03
  3.6860919E+02	 -1.8361746E-02	  1.0610076E-01
  3.7018445E+02	 -1.0031687E-01	 -3.4834235E-02
  3.7175970E+02	  5.1886367E-02	 -9.1802238E-02
  3.7333495E+02	  8.2417673E-02	  6.7299733E-02
  3.7491021E+02	 -7.9044580E-02	  7.0697676E-02
  3.7648546E+02	 -5.5380325E-02	 -8.8549712E-02
  3.7806071E+02	  9.7169527E-02	 -3.8658477E-02
  3.7963596E+02	  2.2622835E-02	  1.0292633E-01
  3.8121122E+02	 -1.0406284E-01	  5.9801059E-03
  3.8278647E+02	  1.2410796E-02	 -1.0231787E-01
  3.8436172E+02	  9.9373787E-02	  3.0276130E-02
  3.8593698E+02	 -4.5497590E-02	  9.3574914E-02
  3.8751223E+02	 -8.3482481E-02	 -5.9408591E-02
  3.8908748E+02	  7.3245478E-02	 -7.1155003E-02
 390.6627352206	  5.8576053E-02	  8.4868154E-02
  3.9223799E+02	 -9.2337279E-02	  4.4350280E-02
  3.9381324E+02	 -2.7262804E-02	 -9.7219007E-02
  3.9538849E+02	  1.0101756E-01	 -9.5662697E-03
  3.9696375E+02	 -6.6078426E-03	  1.0187647E-01
  3.9853900E+02	 -9.8157734E-02	 -2.2568321E-02
  4.0011425E+02	  3.9497961E-02	 -9.1749581E-02
  4.0168951E+02	  8.4481333E-02	  5.5154738E-02
  4.0326476E+02	 -6.7468623E-02	  7.4802617E-02
  4.0484001E+02	 -6.1362876E-02	 -7.7871879E-02
  4.0641526E+02	  8.7719669E-02	 -4.6324505E-02
  4.0799052E+02	  3.1760428E-02	  9.4973145E-02
  4.0956577E+02	 -9.7799949E-02	  1.6313874E-02
  4.1114102E+02	  1.2174647E-03	 -9.7910388E-02
  4.1271628E+02	  9.6959874E-02	  1.8560119E-02
  4.1429153E+02	 -3.3579886E-02	  9.3212059E-02
  4.1586678E+02	 -8.5139893E-02	 -4.7634837E-02
  4.1744204E+02	  6.1982036E-02	 -7.4764772E-02
  4.1901729E+02	  6.4041351E-02	  7.4442503E-02
  4.2059254E+02	 -8.3022891E-02	  5.1500471E-02
  4.2216779E+02	 -3.5852813E-02	 -8.9275077E-02
  4.2374305E+02	  9.4688104E-02	 -1.9330938E-02
  4.2531830E+02	  4.0610945E-03	  9.7337165E-02
  4.2689355E+02	 -9.5503849E-02	 -1.1309147E-02
  4.2846881E+02	  2.8004200E-02	 -9.1040494E-02
  4.3004406E+02	  8.5745985E-02	  4.3766361E-02
  4.3161931E+02	 -5.6493838E-02	  7.7992678E-02
  4.3319457E+02	 -6.6348719E-02	 -6.7623981E-02
  4.3476982E+02	  7.8513938E-02	 -5.2944404E-02
  4.3634507E+02	  3.9831681E-02	  8.7073382E-02
  4.3792032E+02	 -9.1404873E-02	  2.5594361E-02
  4.3949558E+02	 -8.9715929E-03	 -9.3191937E-02
  4.4107083E+02	  9.4065212E-02	  7.7690142E-03
  4.4264608E+02	 -2.2483497E-02	  9.2215887E-02
  4.4422134E+02	 -8.6036457E-02	 -3.6555049E-02
  4.4579659E+02	  5.1262583E-02	 -7.7511556E-02
  4.4737184E+02	  6.8567019E-02	  6.4396162E-02
  4.4894709E+02	 -7.3916050E-02	  5.7664294E-02
  4.5052235E+02	 -4.3442982E-02	 -8.1363563E-02
  4.5209760E+02	  8.8215249E-02	 -2.8114506E-02
  4.5367285E+02	  1.3795336E-02	  9.2484016E-02
  4.5524811E+02	 -9.2380528E-02	 -9.1150919E-04
  4.5682336E+02	  1.7270062E-02	 -8.9724279E-02
  4.5839861E+02	  8.6283322E-02	  3.3012560E-02
  4.5997387E+02	 -4.6013484E-02	  8.0358473E-02
  4.6154912E+02	 -7.0442682E-02	 -5.7717805E-02
  4.6312437E+02	  6.9486141E-02	 -5.8634392E-02
  4.6469962E+02	  4.6961668E-02	  7.9182952E-02
  4.6627488E+02	 -8.4855094E-02	  3.3949923E-02
  4.6785013E+02	 -1.8283392E-02	 -8.8163099E-02
  4.6942538E+02	  9.0712869E-02	 -2.2204684E-03
  4.7100064E+02	 -1.2092434E-02	  9.0629368E-02
  4.7257589E+02	 -8.6232972E-02	 -2.6064859E-02
  4.7415114E+02	  4.0997016E-02	 -7.9472763E-02
  4.7572640E+02	  7.2243518E-02	  5.4654289E-02
  4.7730165E+02	 -6.4960177E-02	  6.2941237E-02
  4.7887690E+02	 -5.0140019E-02	 -7.3447238E-02
  4.8045215E+02	  8.1580352E-02	 -3.6026601E-02
  4.8202741E+02	  2.2703434E-02	  8.7318158E-02
  4.8360266E+02	 -8.8807868E-02	  8.7300217E-03
  4.8517791E+02	  7.1968422E-03	 -8.7837904E-02
  4.8675317E+02	  8.6145988E-02	  2.2804459E-02
  4.8832842E+02	 -3.5950780E-02	  8.1966238E-02
  4.8990367E+02	 -7.3722520E-02	 -4.8090299E-02
  4.9147892E+02	  6.0587853E-02	 -6.3480144E-02
  4.9305418E+02	  5.3240815E-02	  7.1270372E-02
  4.9462943E+02	 -7.8136267E-02	  4.1474416E-02
  4.9620468E+02	 -2.6811602E-02	 -8.2824941E-02
  4.9777994E+02	  8.6919777E-02	 -1.1497568E-02
  4.9935519E+02	 -2.3231969E-03	  8.8485298E-02
  5.0093044E+02	 -8.5775373E-02	 -1.6088096E-02
  5.0250570E+02	  3.1119634E-02	 -8.0704830E-02
  5.0408095E+02	  7.5136998E-02	  4.5164173E-02
  5.0565620E+02	 -5.6114998E-02	  6.7405417E-02
  5.0723145E+02	 -5.6021737E-02	 -6.5499162E-02
  5.0880671E+02	  7.4771296E-02	 -4.3146751E-02
  5.1038196E+02	  3.0864707E-02	  8.1841837E-02
  5.1195721E+02	 -8.4801497E-02	  1.7692214E-02
  5.1353247E+02	 -2.2869408E-03	 -8.5409091E-02
  5.1510772E+02	  8.5373180E-02	  1.3078444E-02
  5.1668297E+02	 -2.6250599E-02	  8.2865708E-02
  5.1825823E+02	 -7.6245208E-02	 -3.8695860E-02
  5.1983348E+02	  5.1785492E-02	 -6.7543938E-02
  5.2140873E+02	  5.8735910E-02	  6.3314319E-02
  5.2298398E+02	 -7.1238453E-02	  4.8236311E-02
  5.2455924E+02	 -3.4623472E-02	 -7.7179635E-02
  5.2613449E+02	  8.2699988E-02	 -2.0127080E-02
  5.2770974E+02	  6.8845446E-03	  8.5808348E-02
  5.2928500E+02	 -8.4697857E-02	 -6.5704983E-03
  5.3086025E+02	  2.1583993E-02	 -8.1249892E-02
  5.3243550E+02	  7.7296297E-02	  3.5888354E-02
  5.3401075E+02	 -4.7352762E-02	  7.1110721E-02
  5.3558601E+02	 -6.1145067E-02	 -5.7501271E-02
  5.3716126E+02	  6.7780635E-02	 -4.9532406E-02
  5.3873651E+02	  3.8336432E-02	  7.6058289E-02
  5.4031177E+02	 -8.0373875E-02	  2.6030164E-02
  5.4188702E+02	 -1.1231895E-02	 -8.2459229E-02
  5.4346227E+02	  8.3994658E-02	  3.7893253E-03
  5.4503753E+02	 -1.6874215E-02	  8.3093419E-02
  5.4661278E+02	 -7.8052588E-02	 -2.9503306E-02
  5.4818803E+02	  4.3056296E-02	 -7.0871501E-02
  5.4976328E+02	  6.3495075E-02	  5.5300714E-02
  5.5133854E+02	 -6.4156513E-02	  5.4284625E-02
  5.5291379E+02	 -4.1767370E-02	 -7.1230327E-02
  5.5448904E+02	  7.8064939E-02	 -2.8154675E-02
  5.5606430E+02	  1.5573143E-02	  8.2617864E-02
  5.5763955E+02	 -8.3026164E-02	  2.5256890E-03
  5.5921480E+02	  1.2358222E-02	 -8.1139152E-02
  5.6079006E+02	  7.8757128E-02	  2.6801767E-02
  5.6236531E+02	 -3.8655243E-02	  7.4096268E-02
  5.6394056E+02	 -6.5550618E-02	 -4.9442602E-02
  5.6551581E+02	  6.0605004E-02	 -5.5224622E-02
  5.6709107E+02	  4.5158808E-02	  6.9971429E-02
  5.6866632E+02	 -7.5535822E-02	  3.3782078E-02
  5.7024157E+02	 -1.9673083E-02	 -7.9005159E-02
  5.7181683E+02	  8.2032715E-02	 -5.0934470E-03
  5.7339208E+02	 -7.7959889E-03	  8.2676482E-02
  5.7496733E+02	 -7.9175209E-02	 -2.0492407E-02
  5.7654259E+02	  3.4386062E-02	 -7.3495517E-02
  5.7811784E+02	  6.7552284E-02	  4.7221934E-02
  5.7969309E+02	 -5.6888940E-02	  5.9653779E-02
  5.8126834E+02	 -4.8276625E-02	 -6.4981252E-02
  5.8284360E+02	  7.3024595E-02	 -3.5611348E-02
 584.4188498663	  2.3770815E-02	  7.8929281E-02
 585.9941028309	 -8.0779863E-02	  1.1225363E-02
  5.8756936E+02	  3.4221322E-03	 -8.0395462E-02
  5.8914461E+02	  7.9545366E-02	  1.7889164E-02
  5.9071986E+02	 -3.0012108E-02	  7.6389713E-02
  5.9229511E+02	 -6.9266709E-02	 -4.1317925E-02
  5.9387037E+02	  5.3244470E-02	 -6.0251300E-02
  5.9544562E+02	  5.1358840E-02	  6.3586508E-02
  5.9702087E+02	 -7.0296883E-02	  4.0973226E-02
  5.9859613E+02	 -2.7632797E-02	 -7.5060384E-02
  6.0017138E+02	  7.9504511E-02	 -1.3588865E-02
  6.0174663E+02	  9.9943338E-04	  8.1634774E-02
  6.0332189E+02	 -7.9634752E-02	 -1.1651901E-02
  6.0489714E+02	  2.5767926E-02	 -7.5438781E-02
  6.0647239E+02	  7.0930663E-02	  3.9075504E-02
  6.0804764E+02	 -4.9437456E-02	  6.4366519E-02
  6.0962290E+02	 -5.4172673E-02	 -5.8438023E-02
  6.1119815E+02	  6.7588226E-02	 -4.2516602E-02
  6.1277340E+02	  3.1494550E-02	  7.4755051E-02
  6.1434866E+02	 -7.7974026E-02	  1.9542707E-02
  6.1592391E+02	 -5.2352068E-03	 -7.9035616E-02
  6.1749916E+02	  7.9679059E-02	  9.1433764E-03
  6.1907442E+02	 -2.1419700E-02	  7.8009909E-02
  6.2064967E+02	 -7.2311945E-02	 -3.3126978E-02
  6.2222492E+02	  4.5702223E-02	 -6.4630164E-02
  6.2380017E+02	  5.6952871E-02	  5.6910006E-02
  6.2537543E+02	 -6.4666302E-02	  4.7618323E-02
  6.2695068E+02	 -3.5123377E-02	 -7.0636101E-02
  6.2852593E+02	  7.6423170E-02	 -2.1706286E-02
  6.3010119E+02	  9.5187564E-03	  7.9982908E-02
  6.3167644E+02	 -7.9446202E-02	 -2.9777998E-03
  6.3325169E+02	  1.7201214E-02	 -7.6716055E-02
  6.3482694E+02	  7.3644877E-02	  3.0863748E-02
  6.3640220E+02	 -4.1806630E-02	  6.8436433E-02
  6.3797745E+02	 -5.9467276E-02	 -5.1607680E-02
  6.3955270E+02	  6.1765094E-02	 -4.8880481E-02
  6.4112796E+02	  3.8752361E-02	  7.0105703E-02
  6.4270321E+02	 -7.4620239E-02	  2.7483030E-02
  6.4427846E+02	 -1.3616785E-02	 -7.7071948E-02
  6.4585372E+02	  7.9170303E-02	  5.6390870E-04
  6.4742897E+02	 -1.2880189E-02	  7.8968657E-02
  6.4900422E+02	 -7.4697297E-02	 -2.4873898E-02
  6.5057947E+02	  3.7984497E-02	 -6.8370627E-02
  6.5215473E+02	  6.1948833E-02	  4.9949877E-02
  6.5372998E+02	 -5.8653183E-02	  5.3723293E-02
  6.5530523E+02	 -4.2148675E-02	 -6.5742395E-02
  6.5688049E+02	  7.2798971E-02	 -2.9447463E-02
  6.5845574E+02	  1.7761242E-02	  7.7731106E-02
  6.6003099E+02	 -7.8619583E-02	  5.5271809E-03
  6.6160625E+02	  8.6902772E-03	 -7.7336195E-02
  6.6318150E+02	  7.5702233E-02	  2.2593098E-02
  6.6475675E+02	 -3.4004427E-02	  7.1869722E-02
  6.6633200E+02	 -6.4164823E-02	 -4.4498708E-02
  6.6790726E+02	  5.5564383E-02	 -5.4704915E-02
  6.6948251E+02	  4.5544277E-02	  6.4991092E-02
  6.7105776E+02	 -7.0727866E-02	  3.5044788E-02
  6.7263302E+02	 -2.1718693E-02	 -7.4512813E-02
  6.7420827E+02	  7.8026929E-02	 -7.8434220E-03
  6.7578352E+02	 -4.4005324E-03	  7.9272330E-02
  6.7735877E+02	 -7.6427390E-02	 -1.6567025E-02
  6.7893403E+02	  3.0100357E-02	 -7.1475468E-02
  6.8050928E+02	  6.6347389E-02	  4.2715866E-02
  6.8208453E+02	 -5.2267303E-02	  5.9287125E-02
  6.8365979E+02	 -4.8705489E-02	 -6.0388209E-02
  6.8523504E+02	  6.8640447E-02	 -3.6806853E-02
  6.8681029E+02	  2.5720193E-02	  7.4886985E-02
  6.8838555E+02	 -7.7160397E-02	  1.3854882E-02
  6.8996080E+02	  2.4493108E-04	 -7.7303144E-02
  6.9153605E+02	  7.7105009E-02	  1.4273773E-02
  6.9311130E+02	 -2.6041323E-02	  7.4666156E-02
  6.9468656E+02	 -6.8262992E-02	 -3.7121789E-02
  6.9626181E+02	  4.8996122E-02	 -5.9985550E-02
  6.9783706E+02	  5.1863831E-02	  5.9420339E-02
  6.9941232E+02	 -6.6304718E-02	  4.2219733E-02
  7.0098757E+02	 -2.9531144E-02	 -7.1364324E-02
  7.0256282E+02	  7.6253077E-02	 -1.6067558E-02
  7.0413808E+02	  4.0074651E-03	  7.8922994E-02
  7.0571333E+02	 -7.7501776E-02	 -8.2184626E-03
  7.0728858E+02	  2.2062060E-02	 -7.3941927E-02
  7.0886383E+02	  7.0143552E-02	  3.5219451E-02
  7.1043909E+02	 -4.5519134E-02	  6.4302305E-02
  7.1201434E+02	 -5.4784400E-02	 -5.4582886E-02
  7.1358959E+02	  6.3954791E-02	 -4.3773536E-02
  7.1516485E+02	  3.3382809E-02	  7.1455527E-02
  7.1674010E+02	 -7.5071696E-02	  2.1991694E-02
  7.1831535E+02	 -8.1210559E-03	 -7.6617024E-02
  7.1989060E+02	  7.7850454E-02	  5.9199865E-03
  7.2146586E+02	 -1.7931110E-02	  7.6820732E-02
  7.2304111E+02	 -7.1754170E-02	 -2.9489385E-02
  7.2461636E+02	  4.2071382E-02	 -6.4712149E-02
  7.2619162E+02	  5.7698744E-02	  5.3402808E-02
  7.2776687E+02	 -6.1357873E-02	  4.8994040E-02
  7.2934212E+02	 -3.7039084E-02	 -6.7630776E-02
  7.3091738E+02	  7.3850091E-02	 -2.4092396E-02
  7.3249263E+02	  1.2327321E-02	  7.7919400E-02
  7.3406788E+02	 -7.7916222E-02	  1.5606449E-04
  7.3564313E+02	  1.3884579E-02	 -7.5762316E-02
  7.3721839E+02	  7.3327066E-02	  2.7474737E-02
  7.3879364E+02	 -3.8420578E-02	  6.8756545E-02
  7.4036889E+02	 -6.0370560E-02	 -4.8335559E-02
  7.4194415E+02	  5.8748901E-02	 -5.0330619E-02
  7.4351940E+02	  4.0731519E-02	  6.7440795E-02
  7.4509465E+02	 -7.2353824E-02	  2.9919501E-02
  7.4666991E+02	 -1.6389090E-02	 -7.5274761E-02
  7.4824516E+02	  7.7932576E-02	 -2.4501573E-03
  7.4982041E+02	 -9.6902686E-03	  7.8324285E-02
  7.5139566E+02	 -7.4625708E-02	 -2.1616227E-02
  7.5297092E+02	  3.4803115E-02	 -6.8869479E-02
  7.5454617E+02	  6.3032016E-02	  4.6948509E-02
  7.5612142E+02	 -5.5893795E-02	  5.5348762E-02
  7.5769668E+02	 -4.4222032E-02	 -6.3315385E-02
  7.5927193E+02	  7.0817981E-02	 -3.1897198E-02
  7.6084718E+02	  2.0538833E-02	  7.6257431E-02
  7.6242243E+02	 -7.7662669E-02	  8.5366646E-03
  7.6399769E+02	  5.5864881E-03	 -7.6925561E-02
  7.6557294E+02	  7.5883687E-02	  1.9497719E-02
  7.6714819E+02	 -3.0985012E-02	  7.2632285E-02
  7.6872345E+02	 -6.5444190E-02	 -4.1656875E-02
  7.7029870E+02	  5.3029697E-02	 -5.6456903E-02
  7.7187395E+02	  4.7743811E-02	  6.2845567E-02
  7.7344921E+02	 -6.9005703E-02	  3.7615095E-02
  7.7502446E+02	 -2.4536473E-02	 -7.3271473E-02
  7.7659971E+02	  7.7342184E-02	 -1.0815225E-02
  7.7817496E+02	 -1.3388433E-03	  7.9163669E-02
 779.7502174766	 -7.6861313E-02	 -1.3520039E-02
  7.8132547E+02	  2.7205713E-02	 -7.2438257E-02
  7.8290072E+02	  6.7841543E-02	  4.0068351E-02
  7.8447598E+02	 -4.9919751E-02	  6.1260092E-02
  7.8605123E+02	 -5.1055283E-02	 -5.8421011E-02
  7.8762648E+02	  6.7154999E-02	 -3.9456718E-02
  7.8920174E+02	  2.8617030E-02	  7.3931095E-02
  7.9077699E+02	 -7.6730871E-02	  1.6899792E-02
  7.9235224E+02	 -2.8106874E-03	 -7.7417089E-02
  7.9392749E+02	  7.7795116E-02	  1.1307465E-02
  7.9550275E+02	 -2.3228105E-02	  7.5908199E-02
  7.9707800E+02	 -6.9981204E-02	 -3.4558476E-02
  7.9865325E+02	  4.6804669E-02	 -6.2126310E-02
  8.0022851E+02	  5.4392605E-02	  5.7672704E-02
  8.0180376E+02	 -6.5025311E-02	  4.5051024E-02
  8.0337901E+02	 -3.2536207E-02	 -7.0600365E-02
  8.0495426E+02	  7.6067870E-02	 -1.9149665E-02
  8.0652952E+02	  7.0998280E-03	  7.9322908E-02
  8.0810477E+02	 -7.8441091E-02	 -5.2213577E-03
  8.0968002E+02	  1.9295964E-02	 -7.5395188E-02
  8.1125528E+02	  7.2101178E-02	  3.2774885E-02
  8.1283053E+02	 -4.3443672E-02	  6.6699755E-02
  8.1440578E+02	 -5.7509513E-02	 -5.2950729E-02
  8.1598104E+02	  6.2858820E-02	 -4.6741396E-02
  8.1755629E+02	  3.6532701E-02	  7.0932899E-02
  8.1913154E+02	 -7.5108513E-02	  2.5217799E-02
  8.2070679E+02	 -1.1281892E-02	 -7.7219790E-02
  8.2228205E+02	  7.9039699E-02	  2.9259365E-03
  8.2385730E+02	 -1.5168170E-02	  7.8559115E-02
  8.2543255E+02	 -7.3953699E-02	 -2.7053899E-02
  8.2700781E+02	  4.0082136E-02	 -6.7308440E-02
  8.2858306E+02	  6.0646138E-02	  5.1925570E-02
  8.3015831E+02	 -6.0410437E-02	  5.2195599E-02
  8.3173357E+02	 -4.0357128E-02	 -6.7253360E-02
  8.3330882E+02	  7.4096312E-02	 -2.7423675E-02
  8.3488407E+02	  1.5598654E-02	  7.8783847E-02
  8.3645932E+02	 -7.9342078E-02	  3.2563201E-03
  8.3803458E+02	  1.1093433E-02	 -7.7713277E-02
  8.3960983E+02	  7.5780943E-02	  2.5082848E-02
  8.4118508E+02	 -3.6474789E-02	  7.1635440E-02
  8.4276034E+02	 -6.3550911E-02	 -4.6908087E-02
  8.4433559E+02	  5.7927203E-02	 -5.3717144E-02
  8.4591084E+02	  4.4252477E-02	  6.7254574E-02
  8.4748609E+02	 -7.2781618E-02	  3.3458938E-02
  8.4906135E+02	 -1.9798119E-02	 -7.6314290E-02
  8.5063660E+02	  7.9593170E-02	 -5.6214716E-03
  8.5221185E+02	 -6.8261901E-03	  8.0556480E-02
  8.5378711E+02	 -7.7329809E-02	 -1.9159082E-02
  8.5536236E+02	  3.2872173E-02	 -7.1968980E-02
  8.5693761E+02	  6.6468366E-02	  4.5608218E-02
  8.5851287E+02	 -5.5159138E-02	  5.9012526E-02
  8.6008812E+02	 -4.7963834E-02	 -6.3221917E-02
  8.6166337E+02	  7.1412783E-02	 -3.5603242E-02
  8.6323862E+02	  2.4126495E-02	  7.7526351E-02
  8.6481388E+02	 -7.9538816E-02	  1.1885919E-02
  8.6638913E+02	  2.6206340E-03	 -7.9362315E-02
  8.6796438E+02	  7.8847082E-02	  1.7009604E-02
  8.6953964E+02	 -2.9024304E-02	  7.6030973E-02
  8.7111489E+02	 -6.9141441E-02	 -4.0297627E-02
  8.7269014E+02	  5.2358346E-02	 -6.0345221E-02
  8.7426540E+02	  5.1738610E-02	  6.2887816E-02
  8.7584065E+02	 -6.9735009E-02	  4.1587365E-02
  8.7741590E+02	 -2.8326052E-02	 -7.4679304E-02
  8.7899115E+02	  7.9429028E-02	 -1.4305459E-02
  8.8056641E+02	  1.7737631E-03	  8.1868933E-02
  8.8214166E+02	 -8.0073799E-02	 -1.0892511E-02
  8.8371691E+02	  2.5187480E-02	 -7.6069541E-02
  8.8529217E+02	  7.1819576E-02	  3.8726119E-02
  8.8686742E+02	 -4.9269572E-02	  6.5460837E-02
  8.8844267E+02	 -5.5315877E-02	 -5.8497924E-02
  8.9001792E+02	  6.8002129E-02	 -4.3650530E-02
  8.9159318E+02	  3.2648097E-02	  7.5528099E-02
  8.9316843E+02	 -7.9003650E-02	  2.0635799E-02
  8.9474368E+02	 -6.0965000E-03	 -8.0309793E-02
  8.9631894E+02	  8.1262236E-02	  8.5750033E-03
  8.9789419E+02	 -2.1106099E-02	  7.9845838E-02
  8.9946944E+02	 -7.4239187E-02	 -3.3126000E-02
  9.0104470E+02	  4.6151067E-02	 -6.6582730E-02
  9.0261995E+02	  5.8948406E-02	  5.7824279E-02
  9.0419520E+02	 -6.5953375E-02	  4.9562430E-02
  9.0577045E+02	 -3.6828391E-02	 -7.2292434E-02
  9.0734571E+02	  7.8518325E-02	 -2.3092743E-02
  9.0892096E+02	  1.0603382E-02	  8.2462221E-02
  9.1049621E+02	 -8.2147249E-02	 -2.2760943E-03
  9.1207147E+02	  1.7042661E-02	 -7.9567948E-02
  9.1364672E+02	  7.6655027E-02	  3.1286955E-02
  9.1522197E+02	 -4.2741934E-02	  7.1495516E-02
  9.1679723E+02	 -6.2368794E-02	 -5.3073095E-02
  9.1837248E+02	  6.3848459E-02	 -5.1522182E-02
  9.1994773E+02	  4.1123436E-02	  7.2766603E-02
  9.2152298E+02	 -7.7707017E-02	  2.9470854E-02
  9.2309824E+02	 -1.5027773E-02	 -8.0519864E-02
  9.2467349E+02	  8.2986307E-02	 -1.9690801E-04
  9.2624874E+02	 -1.2736409E-02	  8.3036253E-02
  9.2782400E+02	 -7.8797401E-02	 -2.5401889E-02
  9.2939925E+02	  3.9306294E-02	 -7.2382203E-02
  9.3097450E+02	  6.5834845E-02	  5.2056316E-02
  9.3254976E+02	 -6.1421049E-02	  5.7338582E-02
  9.3412501E+02	 -4.5262829E-02	 -6.9130492E-02
  9.3570026E+02	  7.6830683E-02	 -3.1945505E-02
  9.3727551E+02	  1.9630377E-02	  8.2299696E-02
  9.3885077E+02	 -8.3508365E-02	  6.6644522E-03
  9.4042602E+02	  8.4558969E-03	 -8.2418417E-02
  9.4200127E+02	  8.0926160E-02	  2.3300784E-02
  9.4357653E+02	 -3.5577934E-02	  7.7066682E-02
  9.4515178E+02	 -6.9073022E-02	 -4.6940557E-02
  9.4672703E+02	  5.8936305E-02	 -5.9170338E-02
  9.4830228E+02	  4.9507655E-02	  6.9218205E-02
  9.4987754E+02	 -7.5617970E-02	  3.8350581E-02
  9.5145279E+02	 -2.4138769E-02	 -7.9955068E-02
  9.5302804E+02	  8.3975740E-02	 -9.2785877E-03
  9.5460330E+02	 -3.9356593E-03	  8.5554445E-02
  9.5617855E+02	 -8.2765933E-02	 -1.7136948E-02
  9.5775380E+02	  3.1826349E-02	 -7.7691389E-02
  9.5932906E+02	  7.2345423E-02	  4.5577981E-02
  9.6090431E+02	 -5.6123197E-02	  6.4865629E-02
  9.6247956E+02	 -5.3582115E-02	 -6.5169507E-02
  9.6405481E+02	  7.4334374E-02	 -4.0820625E-02
  9.6563007E+02	  2.8817582E-02	  8.1342895E-02
  9.6720532E+02	 -8.4112628E-02	  1.5899359E-02
  9.6878057E+02	 -5.5093520E-04	 -8.4571311E-02
  9.7035583E+02	  8.4580178E-02	  1.4781160E-02
  9.7193108E+02	 -2.7781722E-02	  8.2120111E-02
  9.7350633E+02	 -7.5373979E-02	 -4.0094787E-02
 975.0815850869	  5.3250924E-02	 -6.6541655E-02
  9.7665684E+02	  5.7750509E-02	  6.4859401E-02
  9.7823209E+02	 -7.2704592E-02	  4.7229653E-02
  9.7980734E+02	 -3.3390028E-02	 -7.8575516E-02
  9.8138260E+02	  8.4184477E-02	 -1.8637306E-02
  9.8295785E+02	  5.2720323E-03	  8.7349632E-02
  9.8453310E+02	 -8.6089912E-02	 -8.3460023E-03
  9.8610836E+02	  2.3716921E-02	 -8.2453261E-02
  9.8768361E+02	  7.8423042E-02	  3.8385089E-02
  9.8925886E+02	 -5.0045724E-02	  7.2087716E-02
  9.9083411E+02	 -6.1733398E-02	 -6.0385820E-02
  9.9240937E+02	  7.0996890E-02	 -4.9669561E-02
  9.9398462E+02	  3.8122679E-02	  7.9551645E-02
  9.9555987E+02	 -8.3912727E-02	  2.5393931E-02
  9.9713513E+02	 -9.9513395E-03	 -8.5973632E-02
  9.9871038E+02	  8.7560286E-02	  5.7453321E-03
  1.0002856E+03	 -1.9360461E-02	  8.6596748E-02
  1.0018609E+03	 -8.1211853E-02	 -3.2532522E-02
  1.0034361E+03	  4.6778954E-02	 -7.3577199E-02
  1.0050114E+03	  6.5796194E-02	  5.9667153E-02
  1.0065866E+03	 -6.8934133E-02	  5.6057057E-02
  1.0081619E+03	 -4.2736275E-02	 -7.6339857E-02
  1.0097372E+03	  8.3564176E-02	 -2.8235291E-02
  1.0113124E+03	  1.4857885E-02	  8.8367471E-02
  1.0128877E+03	 -8.8710351E-02	  9.5179376E-04
  1.0144629E+03	  1.4987055E-02	 -8.6606117E-02
  1.0160382E+03	  8.4005295E-02	  3.0476025E-02
  1.0176134E+03	 -4.3176045E-02	  7.8943332E-02
  1.0191887E+03	 -6.9657702E-02	 -5.4756530E-02
  1.0207639E+03	  6.6785539E-02	 -5.8438060E-02
  1.0223392E+03	  4.7497538E-02	  7.6884114E-02
  1.0239144E+03	 -8.2859103E-02	  3.5107661E-02
  1.0254897E+03	 -1.9713864E-02	 -8.6569308E-02
  1.0270649E+03	  8.9805464E-02	 -3.7850455E-03
  1.0286402E+03	 -1.0325150E-02	  9.0432674E-02
  1.0302154E+03	 -8.6521447E-02	 -2.4253488E-02
  1.0317907E+03	  3.9508984E-02	 -8.0212362E-02
  1.0333659E+03	  7.3582715E-02	  5.3619125E-02
  1.0349412E+03	 -6.4273947E-02	  6.4775306E-02
  1.0365165E+03	 -5.2126422E-02	 -7.3205789E-02
  1.0380917E+03	  8.2063933E-02	 -3.8028981E-02
  1.0396670E+03	  2.4787299E-02	  8.8550465E-02
  1.0412422E+03	 -9.0564555E-02	  1.0732473E-02
  1.0428175E+03	  5.6495647E-03	 -9.0083339E-02
  1.0443927E+03	  8.9023885E-02	  2.1852555E-02
  1.0459680E+03	 -3.5504308E-02	  8.5365193E-02
  1.0475432E+03	 -7.7290135E-02	 -4.8259608E-02
  1.0491185E+03	  6.1667516E-02	 -6.7064914E-02
  1.0506937E+03	  5.6887445E-02	  7.3298028E-02
  1.0522690E+03	 -8.0900236E-02	  4.4994294E-02
  1.0538442E+03	 -2.9801239E-02	 -8.6298781E-02
  1.0554195E+03	  9.1250714E-02	 -1.3782721E-02
  1.0569947E+03	 -6.9129390E-04	  9.3559428E-02
  1.0585700E+03	 -9.1232047E-02	 -1.5260684E-02
  1.0601452E+03	  3.1432176E-02	 -8.6375945E-02
  1.0617205E+03	  8.1041530E-02	  4.6695110E-02
  1.0632958E+03	 -5.8691728E-02	  7.3320792E-02
  1.0648710E+03	 -6.1502372E-02	 -6.9129695E-02
  1.0664463E+03	  7.9631363E-02	 -4.7967714E-02
  1.0680215E+03	  3.5019876E-02	  8.7838655E-02
  1.0695968E+03	 -9.1585436E-02	  2.0966920E-02
  1.0711720E+03	 -4.2773060E-03	 -9.2812969E-02
  1.0727473E+03	  9.3405503E-02	  1.2520834E-02
  1.0743225E+03	 -2.7022969E-02	  9.1279937E-02
  1.0758978E+03	 -8.4558387E-02	 -4.0874872E-02
  1.0774730E+03	  5.5611366E-02	 -7.5481897E-02
  1.0790483E+03	  6.6231174E-02	  6.8750660E-02
  1.0806235E+03	 -7.7982401E-02	  5.5000612E-02
  1.0821988E+03	 -4.0169075E-02	 -8.5099766E-02
  1.0837740E+03	  9.1827658E-02	 -2.4214495E-02
  1.0853493E+03	  9.5208522E-03	  9.5903557E-02
  1.0869245E+03	 -9.5266579E-02	 -5.5617326E-03
  1.0884998E+03	  2.2543701E-02	 -9.1990620E-02
  1.0900751E+03	  8.8097658E-02	  3.8876749E-02
  1.0916503E+03	 -5.2155824E-02	  8.1622122E-02
  1.0932256E+03	 -7.0798312E-02	 -6.4068306E-02
  1.0948008E+03	  7.6212907E-02	 -5.7994062E-02
  1.0963761E+03	  4.5508441E-02	  8.6168831E-02
  1.0979513E+03	 -9.1702009E-02	  3.1618899E-02
  1.0995266E+03	 -1.4769682E-02	 -9.4718813E-02
  1.1011018E+03	  9.7070714E-02	  2.4913343E-03
  1.1026771E+03	 -1.7728688E-02	  9.6607249E-02
  1.1042523E+03	 -9.1383317E-02	 -3.2585041E-02
  1.1058276E+03	  4.8586706E-02	 -8.3613422E-02
  1.1074028E+03	  7.5459382E-02	  6.3199234E-02
  1.1089781E+03	 -7.4051107E-02	  6.5065657E-02
  1.1105533E+03	 -5.0766038E-02	 -8.2907420E-02
  1.1121286E+03	  9.1463763E-02	 -3.5040122E-02
  1.1137038E+03	  2.0284403E-02	  9.7386942E-02
  1.1152791E+03	 -9.8542522E-02	  4.8307888E-03
  1.1168544E+03	  1.2842626E-02	 -9.6971819E-02
  1.1184296E+03	  9.4668505E-02	  3.0149358E-02
  1.1200049E+03	 -4.4636453E-02	  8.9600685E-02
  1.1215801E+03	 -7.9940386E-02	 -5.7978143E-02
  1.1231554E+03	  7.1754051E-02	 -6.8041842E-02
  1.1247306E+03	  5.6198090E-02	  8.3476262E-02
  1.1263059E+03	 -9.0839365E-02	  4.2645682E-02
  1.1278811E+03	 -2.5796536E-02	 -9.5718976E-02
  1.1294564E+03	  9.9934823E-02	 -8.2189260E-03
  1.1310316E+03	 -7.6220372E-03	  1.0126055E-01
  1.1326069E+03	 -9.7677362E-02	 -2.3375837E-02
  1.1341821E+03	  4.0566183E-02	 -9.1375321E-02
  1.1357574E+03	  8.4495260E-02	  5.6602102E-02
  1.1373326E+03	 -6.9050169E-02	  7.5120228E-02
  1.1389079E+03	 -6.1531492E-02	 -7.9654684E-02
  1.1404831E+03	  9.0083989E-02	 -4.6211531E-02
  1.1420584E+03	  3.1566327E-02	  9.7926543E-02
  1.1436337E+03	 -1.0097039E-01	  1.5897745E-02
  1.1452089E+03	  2.3340392E-03	 -1.0122839E-01
  1.1467842E+03	  1.0066428E-01	  2.0501764E-02
  1.1483594E+03	 -3.6105920E-02	  9.7169108E-02
  1.1499347E+03	 -8.8845491E-02	 -5.0817092E-02
  1.1515099E+03	  6.6200383E-02	 -7.8036174E-02
  1.1530852E+03	  6.7025669E-02	  7.9694151E-02
  1.1546604E+03	 -8.8918741E-02	  5.3996061E-02
  1.1562357E+03	 -3.7318666E-02	 -9.5726968E-02
  1.1578109E+03	  1.0190752E-01	 -1.9586319E-02
  1.1593862E+03	  3.2909970E-03	  1.0514607E-01
  1.1609614E+03	 -1.0334465E-01	 -1.3237326E-02
  1.1625367E+03	  3.1525789E-02	 -9.8674499E-02
  1.1641119E+03	  9.3253216E-02	  4.8919488E-02
  1.1656872E+03	 -6.2922874E-02	  8.5086335E-02
 1167.262446768	 -7.2394983E-02	 -7.5272209E-02
  1.1688377E+03	  8.7610836E-02	 -5.7671060E-02
  1.1704130E+03	  4.3326262E-02	  9.7435527E-02
  1.1719882E+03	 -1.0245349E-01	  2.7613741E-02
  1.1735635E+03	 -8.9691913E-03	 -1.0466080E-01
 1175.138711591	  1.0598892E-01	  9.9288235E-03
  1.1767140E+03	 -2.6537784E-02	  1.0423192E-01
  1.1782892E+03	 -9.7418543E-02	 -4.2544243E-02
  1.1798645E+03	  5.9500458E-02	 -8.7891871E-02
  1.1814397E+03	  7.7921147E-02	  7.4754690E-02
  1.1830150E+03	 -8.5855457E-02	  6.5609702E-02
  1.1845902E+03	 -4.9285085E-02	 -9.4651403E-02
  1.1861655E+03	  1.0289580E-01	 -3.1578882E-02
  1.1877407E+03	  1.5001485E-02	  1.0816303E-01
  1.1893160E+03	 -1.0827657E-01	 -2.1649580E-03
  1.1908912E+03	  2.1450221E-02	 -1.0540870E-01
  1.1924665E+03	  1.0164292E-01	  4.0113635E-02
  1.1940417E+03	 -5.5607556E-02	  9.4875161E-02
  1.1956170E+03	 -8.3269642E-02	 -6.9690502E-02
  1.1971923E+03	  8.3970880E-02	 -6.9352451E-02
  1.1987675E+03	  5.5522113E-02	  9.5820665E-02
  1.2003428E+03	 -1.0288078E-01	  3.9942219E-02
  1.2019180E+03	 -2.1037651E-02	 -1.0716552E-01
  1.2034933E+03	  1.1054779E-01	 -1.5729568E-03
  1.2050685E+03	 -1.5898973E-02	  1.1067837E-01
  1.2066438E+03	 -1.0554192E-01	 -3.3129042E-02
  1.2082190E+03	  5.1617156E-02	 -9.7522866E-02
  1.2097943E+03	  8.8817752E-02	  6.8576794E-02
  1.2113695E+03	 -8.1547854E-02	  7.7399806E-02
  1.2129448E+03	 -6.1620694E-02	 -9.2416621E-02
  1.2145200E+03	  1.0281342E-01	 -4.4180113E-02
  1.2160953E+03	  2.7502622E-02	  1.1017411E-01
  1.2176705E+03	 -1.1234916E-01	  9.8059772E-03
  1.2192458E+03	  1.0331308E-02	 -1.1150258E-01
  1.2208210E+03	  1.0956009E-01	  3.0110506E-02
  1.2223963E+03	 -4.7053386E-02	  1.0434499E-01
  1.2239716E+03	 -9.4073145E-02	 -6.2882755E-02
  1.2255468E+03	  7.9065667E-02	 -8.1221765E-02
  1.2271221E+03	  6.8071211E-02	  9.2941673E-02
  1.2286973E+03	 -1.0217269E-01	  5.2795362E-02
  1.2302726E+03	 -3.3878561E-02	 -1.0867055E-01
  1.2318478E+03	  1.1418372E-01	 -1.4035187E-02
  1.2334231E+03	 -4.2242184E-03	  1.1635730E-01
  1.2349983E+03	 -1.1315749E-01	 -2.2568081E-02
  1.2365736E+03	  4.2436966E-02	 -1.0684559E-01
  1.2381488E+03	  9.9551520E-02	  6.1076623E-02
  1.2397241E+03	 -7.5982951E-02	  8.9278686E-02
  1.2412993E+03	 -7.4332550E-02	 -8.8916435E-02
  1.2428746E+03	  1.0147553E-01	 -5.7319347E-02
  1.2444498E+03	  4.0690018E-02	  1.1109541E-01
  1.2460251E+03	 -1.1550915E-01	  2.2709665E-02
  1.2476003E+03	 -1.9008355E-03	 -1.1677835E-01
  1.2491756E+03	  1.1683516E-01	  1.8944517E-02
  1.2507509E+03	 -3.7250021E-02	  1.1345502E-01
  1.2523261E+03	 -1.0473176E-01	 -5.4703416E-02
  1.2539014E+03	  7.2791493E-02	 -9.3109923E-02
  1.2554766E+03	  8.0892861E-02	  8.8778490E-02
  1.2570519E+03	 -1.0021244E-01	  6.6197127E-02
  1.2586271E+03	 -4.7439884E-02	 -1.0897638E-01
  1.2602024E+03	  1.1679708E-01	 -2.7366256E-02
  1.2617776E+03	  8.5290212E-03	  1.2121338E-01
  1.2633529E+03	 -1.2009390E-01	 -1.0767533E-02
  1.2649281E+03	  3.1967011E-02	 -1.1568238E-01
  1.2665034E+03	  1.1007738E-01	  5.2235352E-02
  1.2680786E+03	 -6.9003008E-02	  1.0118881E-01
  1.2696539E+03	 -8.7263854E-02	 -8.4021826E-02
  1.2712291E+03	  9.8845489E-02	 -7.0920350E-02
  1.2728044E+03	  5.4599287E-02	  1.1080288E-01
  1.2743796E+03	 -1.1755153E-01	  3.6513411E-02
  1.2759549E+03	 -1.5179280E-02	 -1.2112659E-01
  1.2775302E+03	  1.2339866E-01	  6.5586938E-03
  1.2791054E+03	 -2.6097564E-02	  1.2204027E-01
  1.2806807E+03	 -1.1508482E-01	 -4.5129297E-02
  1.2822559E+03	  6.5097152E-02	 -1.0496111E-01
  1.2838312E+03	  9.3926713E-02	  8.3177937E-02
  1.2854064E+03	 -9.6862875E-02	  8.0028377E-02
  1.2869817E+03	 -6.1661117E-02	 -1.0800444E-01
  1.2885569E+03	  1.1825797E-01	 -4.1588840E-02
  1.2901322E+03	  2.2357165E-02	  1.2506153E-01
  1.2917074E+03	 -1.2622070E-01	  2.2494680E-03
  1.2932827E+03	  2.0150597E-02	 -1.2394184E-01
  1.2948579E+03	  1.2025469E-01	  4.1949358E-02
  1.2964332E+03	 -6.0542165E-02	  1.1298666E-01
  1.2980084E+03	 -1.0034377E-01	 -7.7655425E-02
  1.2995837E+03	  9.4776911E-02	 -8.4929493E-02
  1.3011589E+03	  6.9148442E-02	  1.0914727E-01
  1.3027342E+03	 -1.1836335E-01	  5.1173200E-02
  1.3043095E+03	 -2.9522745E-02	 -1.2441108E-01
  1.3058847E+03	  1.2908197E-01	 -7.0682445E-03
  1.3074600E+03	 -1.3577156E-02	  1.2996018E-01
  1.3090352E+03	 -1.2502180E-01	 -3.4094006E-02
  1.3106105E+03	  5.5877514E-02	 -1.1665359E-01
  1.3121857E+03	  1.0705372E-01	  7.6038065E-02
  1.3137610E+03	 -9.2015967E-02	  9.4210568E-02
  1.3153362E+03	 -7.6493557E-02	 -1.0561348E-01
  1.3169115E+03	  1.1840983E-01	 -5.6658906E-02
  1.3184867E+03	  3.7236954E-02	  1.2775818E-01
  1.3200620E+03	 -1.3139642E-01	  1.6502322E-02
  1.3216372E+03	  6.9412146E-03	 -1.3147038E-01
  1.3232125E+03	  1.2993740E-01	  3.0162010E-02
  1.3247877E+03	 -5.0520474E-02	  1.2455180E-01
  1.3263630E+03	 -1.1346716E-01	 -6.9703946E-02
  1.3279382E+03	  8.9139722E-02	 -9.9249175E-02
  1.3295135E+03	  8.4263599E-02	  1.0599540E-01
  1.3310888E+03	 -1.1779906E-01	  6.6650387E-02
  1.3326640E+03	 -4.4916164E-02	 -1.2646983E-01
  1.3342393E+03	  1.3372433E-01	 -2.1938317E-02
  1.3358145E+03	  3.4329691E-04	  1.3706605E-01
  1.3373898E+03	 -1.3439796E-01	 -2.1530813E-02
  1.3389650E+03	  4.5045093E-02	 -1.2804629E-01
  1.3405403E+03	  1.2015280E-01	  6.7256908E-02
  1.3421155E+03	 -8.5546012E-02	  1.0864953E-01
  1.3436908E+03	 -9.1860935E-02	 -1.0165513E-01
  1.3452660E+03	  1.1709760E-01	 -7.2519026E-02
  1.3468413E+03	  5.3143075E-02	  1.2914659E-01
  1.3484165E+03	 -1.3545633E-01	  3.1998717E-02
  1.3499918E+03	 -7.6916611E-03	 -1.3810077E-01
  1.3515670E+03	  1.3897026E-01	  1.6819610E-02
  1.3531423E+03	 -3.8853121E-02	  1.3574451E-01
  1.3547175E+03	 -1.2650484E-01	 -6.0054916E-02
  1.3562928E+03	  8.1806141E-02	 -1.1376635E-01
  1.3578681E+03	  9.9860535E-02	  1.0120525E-01
  1.3594433E+03	 -1.1569763E-01	  8.2888968E-02
  1.3610186E+03	 -6.1325614E-02	 -1.2713129E-01
  1.3625938E+03	  1.3715585E-01	 -3.8045176E-02
  1.3641691E+03	  1.5692064E-02	  1.4319018E-01
  1.3657443E+03	 -1.4304673E-01	 -7.3817975E-03
  1.3673196E+03	  3.2519259E-02	 -1.3898312E-01
  1.3688948E+03	  1.3308812E-01	  5.6728814E-02
  1.3704701E+03	 -7.7320389E-02	  1.2322941E-01
  1.3720453E+03	 -1.0766645E-01	 -9.5977876E-02
  1.3736206E+03	  1.1415927E-01	 -8.9099036E-02
  1.3751958E+03	  7.0038020E-02	  1.2905433E-01
  1.3767711E+03	 -1.3821922E-01	  4.8730828E-02
  1.3783463E+03	 -2.3767218E-02	 -1.4365229E-01
  1.3799216E+03	  1.4718163E-01	  1.8721785E-03
  1.3814968E+03	 -2.5457253E-02	  1.4640297E-01
  1.3830721E+03	 -1.3930670E-01	 -4.8599390E-02
  1.3846474E+03	  7.2646394E-02	 -1.2835199E-01
  1.3862226E+03	  1.1583696E-01	  9.4625138E-02
  1.3877979E+03	 -1.1188841E-01	  9.9812478E-02
  1.3893731E+03	 -7.8701620E-02	 -1.2621432E-01
  1.3909484E+03	  1.3919155E-01	 -5.5371509E-02
  1.3925236E+03	  3.2486478E-02	  1.4814573E-01
  1.3940989E+03	 -1.5078300E-01	  8.4012901E-03
  1.3956741E+03	  1.8223747E-02	 -1.4929000E-01
  1.3972494E+03	  1.4570333E-01	  4.4347377E-02
  1.3988246E+03	 -6.7204076E-02	  1.3781217E-01
  1.4003999E+03	 -1.2379363E-01	 -8.8426039E-02
  1.4019751E+03	  1.0942341E-01	 -1.0631179E-01
  1.4035504E+03	  8.7867219E-02	  1.2729513E-01
  1.4051256E+03	 -1.3948882E-01	  6.6674673E-02
  1.4067009E+03	 -4.1292829E-02	 -1.4792841E-01
  1.4082762E+03	  1.5438026E-01	 -1.4723167E-02
  1.4098514E+03	 -1.0255895E-02	  1.5634302E-01
  1.4114267E+03	 -1.5170187E-01	 -3.5231805E-02
  1.4130019E+03	  6.1528203E-02	 -1.4285682E-01
  1.4145772E+03	  1.3206896E-01	  8.6096839E-02
  1.4161524E+03	 -1.0619214E-01	  1.1732346E-01
  1.4177277E+03	 -9.6976839E-02	 -1.2352654E-01
  1.4193029E+03	  1.3963082E-01	 -7.3885263E-02
  1.4208782E+03	  5.0730317E-02	  1.5172664E-01
  1.4224534E+03	 -1.5740218E-01	  2.5855354E-02
  1.4240287E+03	  2.0881068E-03	 -1.5877254E-01
  1.4256039E+03	  1.5781886E-01	  3.0007719E-02
  1.4271792E+03	 -5.5061830E-02	  1.5223588E-01
  1.4287544E+03	 -1.4010460E-01	 -7.8839932E-02
  1.4303297E+03	  1.0270885E-01	 -1.2404971E-01
  1.4319049E+03	  1.0655552E-01	  1.2366955E-01
  1.4334802E+03	 -1.3905438E-01	  8.5788255E-02
  1.4350555E+03	 -6.0262364E-02	 -1.5071473E-01
  1.4366307E+03	  1.6035330E-01	 -3.2998414E-02
  1.4382060E+03	  6.8194473E-03	  1.6535779E-01
  1.4397812E+03	 -1.6349657E-01	 -1.9850502E-02
  1.4413565E+03	  4.8318537E-02	 -1.5710781E-01
  1.4429317E+03	  1.4840858E-01	  7.5457319E-02
  1.4445070E+03	 -9.8421564E-02	  1.3530119E-01
  1.4460822E+03	 -1.1606329E-01	 -1.1886402E-01
  1.4476575E+03	  1.3825673E-01	 -9.3536299E-02
  1.4492327E+03	  7.0410629E-02	  1.5370732E-01
  1.4508080E+03	 -1.6267923E-01	  4.5004036E-02
  1.4523832E+03	 -1.5950215E-02	 -1.6721368E-01
  1.4539585E+03	  1.6922946E-01	  1.3609378E-02
  1.4555337E+03	 -4.0760084E-02	  1.6631327E-01
  1.4571090E+03	 -1.5643736E-01	 -6.7056172E-02
  1.4586842E+03	  9.3825661E-02	 -1.4218102E-01
  1.4602595E+03	  1.2600441E-01	  1.1796616E-01
  1.4618348E+03	 -1.3669001E-01	  1.0600910E-01
  1.4634100E+03	 -8.0652923E-02	 -1.5177785E-01
  1.4649853E+03	  1.6486514E-01	 -5.2971528E-02
  1.4665605E+03	  2.5826291E-02	  1.7321622E-01
  1.4681358E+03	 -1.7447221E-01	 -2.3599183E-03
  1.4697110E+03	  3.2884955E-02	 -1.7090550E-01
  1.4712863E+03	  1.6468027E-01	  6.2540743E-02
  1.4728615E+03	 -8.8383017E-02	  1.5359957E-01
  1.4744368E+03	 -1.3584971E-01	 -1.1201040E-01
  1.4760120E+03	  1.3483576E-01	 -1.1425157E-01
  1.4775873E+03	  9.1494831E-02	  1.5384374E-01
  1.4791625E+03	 -1.6636672E-01	  6.5856291E-02
  1.4807378E+03	 -3.5941985E-02	 -1.7437038E-01
  1.4823130E+03	  1.7970347E-01	 -4.9401212E-03
  1.4838883E+03	 -2.4167342E-02	  1.7982953E-01
  1.4854635E+03	 -1.7260140E-01	 -5.2909325E-02
  1.4870388E+03	  8.2577314E-02	 -1.6054678E-01
  1.4886141E+03	  1.4608942E-01	  1.0996167E-01
  1.4901893E+03	 -1.3215412E-01	  1.2725066E-01
  1.4917646E+03	 -1.0242082E-01	 -1.5086483E-01
  1.4933398E+03	  1.6765689E-01	 -7.4643417E-02
  1.4949151E+03	  4.6808621E-02	  1.7966108E-01
  1.4964903E+03	 -1.8438257E-01	  1.7326625E-02
  1.4980656E+03	  1.5098551E-02	 -1.8402138E-01
  1.4996408E+03	  1.8067861E-01	  4.7179993E-02
  1.5012161E+03	 -7.5876932E-02	  1.7204321E-01
  1.5027913E+03	 -1.5619737E-01	 -1.0273846E-01
  1.5043666E+03	  1.2911815E-01	 -1.3593261E-01
  1.5059418E+03	  1.1392703E-01	  1.5187165E-01
  1.5075171E+03	 -1.6819417E-01	  8.8401741E-02
  1.5090923E+03	 -5.7923801E-02	 -1.7997304E-01
  1.5106676E+03	  1.8897924E-01	 -2.5723037E-02
  1.5122428E+03	 -5.1583228E-03	  1.9253958E-01
  1.5138181E+03	 -1.8837599E-01	 -3.6233287E-02
  1.5153934E+03	  6.8761138E-02	 -1.7895632E-01
  1.5169686E+03	  1.6665597E-01	  9.9423110E-02
  1.5185439E+03	 -1.2518961E-01	  1.4939964E-01
  1.5201191E+03	 -1.2549762E-01	 -1.4770185E-01
  1.5216944E+03	  1.6844555E-01	 -9.7993313E-02
  1.5232696E+03	  6.9793901E-02	  1.8440798E-01
  1.5248449E+03	 -1.9295100E-01	  3.9284226E-02
  1.5264201E+03	 -5.1627618E-03	 -1.9619469E-01
  1.5279954E+03	  1.9616549E-01	  2.9209245E-02
  1.5295706E+03	 -6.0699087E-02	  1.9042410E-01
  1.5311459E+03	 -1.7693560E-01	 -9.0810811E-02
  1.5327211E+03	  1.2083909E-01	 -1.5845134E-01
  1.5342964E+03	  1.3762468E-01	  1.4750619E-01
  1.5358716E+03	 -1.6786641E-01	  1.1260659E-01
  1.5374469E+03	 -8.1913713E-02	 -1.8372379E-01
  1.5390221E+03	  1.9676356E-01	 -4.8808116E-02
  1.5405974E+03	  1.6383855E-02	  2.0416466E-01
  1.5421727E+03	 -2.0350609E-01	 -1.6864681E-02
  1.5437479E+03	  5.2170591E-02	 -1.9718464E-01
  1.5453232E+03	  1.8751510E-01	  8.6107817E-02
  1.5468984E+03	 -1.1552519E-01	  1.7231065E-01
  1.5484737E+03	 -1.4978677E-01	 -1.4199458E-01
  1.5500489E+03	  1.6692209E-01	 -1.2297473E-01
  1.5516242E+03	  9.4788028E-02	  1.8714392E-01
  1.5531994E+03	 -1.9986881E-01	  6.3573090E-02
  1.5547747E+03	 -2.8011437E-02	 -2.0712908E-01
 1556.349929024	  2.1086627E-01	  8.4671748E-03
  1.5579252E+03	 -4.2643185E-02	  2.0849811E-01
  1.5595004E+03	 -1.9785816E-01	 -7.5980957E-02
  1.5610757E+03	  1.0971869E-01	 -1.8164473E-01
  1.5626509E+03	  1.6247356E-01	  1.4044317E-01
 1564.226193847	 -1.6506276E-01	  1.3841037E-01
  1.5658014E+03	 -1.0790646E-01	 -1.8529392E-01
  1.5673767E+03	  2.0272985E-01	 -7.4245600E-02
  1.5689520E+03	  4.0564619E-02	  2.1439026E-01
  1.5705272E+03	 -2.1769806E-01	  5.3549406E-03
  1.5721025E+03	  3.2598625E-02	 -2.1496750E-01
  1.5736777E+03	  2.0844016E-01	  6.9765921E-02
  1.5752530E+03	 -1.0287482E-01	  1.9580200E-01
