              0	 -2.4130797E-11	  2.7428776E+02
  1.5752530E+00	 -5.7888841E+00	 -1.4987486E+02
  3.1505059E+00	  5.9164568E+01	  7.0581739E+00
  4.7257589E+00	 -1.6858711E+01	  3.3649741E+01
  6.3010119E+00	 -2.4561041E+01	 -1.9192781E+01
  7.8762648E+00	  1.7326663E+01	 -1.7908102E+01
  9.4515178E+00	  1.1312434E+01	  1.5907428E+01
  1.1026771E+01	 -1.5710433E+01	  6.5199480E+00
  1.2602024E+01	 -3.7145502E+00	 -1.5035130E+01
  1.4177277E+01	  1.3379119E+01	 -1.3782753E+00
  1.5752530E+01	 -1.1083276E+00	  1.1745664E+01
  1.7327783E+01	 -1.0582203E+01	 -3.0797119E+00
  1.8903036E+01	  4.2338726E+00	 -9.3134070E+00
  2.0478289E+01	  7.6499340E+00	  5.1084512E+00
  2.2053542E+01	 -6.0150247E+00	  6.0289941E+00
  2.3628794E+01	 -4.7196630E+00	 -6.6333016E+00
  2.5204047E+01	  6.7705640E+00	 -3.4445935E+00
  2.6779300E+01	  2.0281284E+00	  6.7106567E+00
  2.8354553E+01	 -6.6536361E+00	  7.1528064E-01
  2.9929806E+01	  3.1896688E-01	 -6.4226776E+00
  3.1505059E+01	  5.8966370E+00	  1.2402088E+00
  3.3080312E+01	 -2.1706249E+00	  5.2594730E+00
  3.4655565E+01	 -4.6563928E+00	 -2.9585764E+00
  3.6230818E+01	  3.4881071E+00	 -3.9802715E+00
  3.7806071E+01	  3.1514218E+00	  3.8768138E+00
  3.9381324E+01	 -4.2211621E+00	  2.3012193E+00
  4.0956577E+01	 -1.5392065E+00	 -4.4250303E+00
  4.2531830E+01	  4.4129183E+00	 -7.9287425E-01
  4.4107083E+01	  3.8556086E-03	  4.2792284E+00
  4.5682336E+01	 -4.1065013E+00	 -7.3231747E-01
  4.7257589E+01	  1.3346100E+00	 -3.8337216E+00
  4.8832842E+01	  3.4122976E+00	  1.8602110E+00
  5.0408095E+01	 -2.3589403E+00	  2.9220560E+00
  5.1983348E+01	 -2.4346701E+00	 -2.7636254E+00
  5.3558601E+01	  3.0177135E+00	 -1.9097197E+00
  5.5133854E+01	  1.3140735E+00	  3.1731549E+00
  5.6709107E+01	 -3.2776961E+00	  7.1423797E-01
  5.8284360E+01	 -1.6987328E-01	 -3.2868411E+00
  5.9859613E+01	  3.1638970E+00	  3.4996960E-01
  6.1434866E+01	 -8.7233775E-01	  2.9590566E+00
  6.3010119E+01	 -2.7193297E+00	 -1.3451820E+00
  6.4585372E+01	  1.7227781E+00	 -2.4164429E+00
  6.6160625E+01	  2.0274844E+00	  2.0343082E+00
  6.7735877E+01	 -2.3069872E+00	  1.5998552E+00
  6.9311130E+01	 -1.1776599E+00	 -2.5037689E+00
  7.0886383E+01	  2.5932115E+00	 -7.4174064E-01
  7.2461636E+01	  2.7607291E-01	  2.6065222E+00
  7.4036889E+01	 -2.5736720E+00	 -1.7787196E-01
  7.5612142E+01	  5.8244924E-01	 -2.4708897E+00
  7.7187395E+01	  2.2789312E+00	  9.5430984E-01
  7.8762648E+01	 -1.3086039E+00	  2.0310678E+00
  8.0337901E+01	 -1.7591018E+00	 -1.6128695E+00
  8.1913154E+01	  1.8387839E+00	 -1.4486205E+00
  8.3488407E+01	  1.0883118E+00	  2.0050364E+00
  8.5063660E+01	 -2.1297017E+00	  7.1084918E-01
  8.6638913E+01	 -3.4672860E-01	 -2.1905928E+00
  8.8214166E+01	  2.1694181E+00	  1.4228972E-02
  8.9789419E+01	 -3.8053328E-01	  2.0885538E+00
  9.1364672E+01	 -1.9698294E+00	 -7.2373034E-01
  9.2939925E+01	  1.0182734E+00	 -1.8000822E+00
  9.4515178E+01	  1.5692553E+00	  1.2748318E+00
  9.6090431E+01	 -1.5034575E+00	  1.3021966E+00
  9.7665684E+01	 -1.0226682E+00	 -1.6827686E+00
  9.9240937E+01	  1.7946150E+00	 -7.2320048E-01
  1.0081619E+02	  3.9830007E-01	  1.8530569E+00
  1.0239144E+02	 -1.8719818E+00	  7.2231448E-02
  1.0396670E+02	  2.3259420E-01	 -1.8379136E+00
  1.0554195E+02	  1.7403418E+00	  5.2215444E-01
  1.0711720E+02	 -8.0154810E-01	  1.5971170E+00
  1.0869245E+02	 -1.4257198E+00	 -1.0504413E+00
  1.1026771E+02	  1.2509736E+00	 -1.2190886E+00
  1.1184296E+02	  9.7237069E-01	  1.4111860E+00
  1.1341821E+02	 -1.5389561E+00	  7.0534558E-01
  1.1499347E+02	 -4.3679240E-01	 -1.6200756E+00
  1.1656872E+02	  1.6429861E+00	 -1.6291144E-01
  1.1814397E+02	 -1.1886209E-01	  1.6195308E+00
  1.1971923E+02	 -1.5615360E+00	 -3.8988203E-01
  1.2129448E+02	  6.3322451E-01	 -1.4611041E+00
  1.2286973E+02	  1.3126285E+00	  8.5297083E-01
  1.2444498E+02	 -1.0528293E+00	  1.1312637E+00
  1.2602024E+02	 -9.3179338E-01	 -1.2181461E+00
  1.2759549E+02	  1.3364517E+00	 -7.1080388E-01
  1.2917074E+02	  4.6642643E-01	  1.4147333E+00
  1.3074600E+02	 -1.4600487E+00	  2.1490203E-01
  1.3232125E+02	  2.8554585E-02	 -1.4632039E+00
  1.3389650E+02	  1.4172010E+00	  2.6587285E-01
  1.3547175E+02	 -4.9829430E-01	  1.3327229E+00
  1.3704701E+02	 -1.2204752E+00	 -7.1137998E-01
  1.3862226E+02	  8.9231910E-01	 -1.0762754E+00
  1.4019751E+02	  8.9767381E-01	  1.0445210E+00
  1.4177277E+02	 -1.1713613E+00	  6.9793140E-01
  1.4334802E+02	 -4.8987017E-01	 -1.2624674E+00
  1.4492327E+02	  1.3093945E+00	 -2.7222473E-01
  1.4649853E+02	  4.4730836E-02	  1.3188206E+00
  1.4807378E+02	 -1.2976257E+00	 -1.7917269E-01
  1.4964903E+02	  3.8709923E-01	 -1.2402614E+00
  1.5122428E+02	  1.1429565E+00	  5.8020066E-01
  1.5279954E+02	 -7.5935933E-01	  1.0156900E+00
  1.5437479E+02	 -8.6842948E-01	 -9.1352016E-01
  1.5595004E+02	  1.0331639E+00	 -6.9945537E-01
  1.5752530E+02	  5.0830024E-01	  1.1217032E+00
  1.5910055E+02	 -1.1827371E+00	  3.0667013E-01
  1.6067580E+02	 -1.0574273E-01	 -1.2092457E+00
  1.6225106E+02	  1.1958799E+00	  9.4611400E-02
  1.6382631E+02	 -2.9396402E-01	  1.1493492E+00
  1.6540156E+02	 -1.0766018E+00	 -4.8128151E-01
  1.6697681E+02	  6.4660791E-01	 -9.7475443E-01
  1.6855207E+02	  8.4231663E-01	  7.9100369E-01
  1.7012732E+02	 -9.1556556E-01	  6.8870394E-01
  1.7170257E+02	 -5.2323949E-01	 -1.0120830E+00
  1.7327783E+02	  1.0737692E+00	 -3.4576467E-01
  1.7485308E+02	  1.5694868E-01	  1.1043865E+00
  1.7642833E+02	 -1.1080161E+00	 -3.2945420E-02
  1.7800358E+02	  2.1426582E-01	 -1.0803003E+00
  1.7957884E+02	  1.0182834E+00	  3.8671183E-01
  1.8115409E+02	 -5.4978502E-01	  9.2880137E-01
  1.8272934E+02	 -8.1890276E-01	 -6.9462339E-01
  1.8430460E+02	  8.1344428E-01	 -6.8761160E-01
  1.8587985E+02	  5.3498258E-01	  9.0764107E-01
  1.8745510E+02	 -9.7885829E-01	  3.6984539E-01
  1.8903036E+02	 -2.0083645E-01	 -1.0213142E+00
  1.9060561E+02	  1.0305105E+00	 -2.8665600E-02
  1.9218086E+02	 -1.4549635E-01	  1.0107088E+00
  1.9375611E+02	 -9.6653784E-01	 -3.1280672E-01
 195.3313676103	  4.6511415E-01	 -8.9572863E-01
  1.9690662E+02	  7.9714737E-01	  6.0218784E-01
  1.9848187E+02	 -7.2387295E-01	  6.7770885E-01
  2.0005713E+02	 -5.4446340E-01	 -8.2330755E-01
  2.0163238E+02	  8.9468490E-01	 -3.9772327E-01
  2.0320763E+02	  2.3849770E-01	  9.3996984E-01
  2.0478289E+02	 -9.6151132E-01	  7.4925946E-02
  2.0635814E+02	  8.5153605E-02	 -9.5559600E-01
  2.0793339E+02	  9.1962884E-01	  2.4069738E-01
  2.0950864E+02	 -3.9050847E-01	  8.5837390E-01
  2.1108390E+02	 -7.7694729E-01	 -5.2718198E-01
  2.1265915E+02	  6.4406193E-01	 -6.7467163E-01
  2.1423440E+02	  5.5173532E-01	  7.4132540E-01
  2.1580966E+02	 -8.1942635E-01	  4.1499725E-01
  2.1738491E+02	 -2.7134917E-01	 -8.7334299E-01
  2.1896016E+02	  8.9904939E-01	 -1.2186879E-01
  2.2053542E+02	 -3.1968727E-02	  8.9918935E-01
  2.2211067E+02	 -8.7684313E-01	 -1.8284239E-01
  2.2368592E+02	  3.2384508E-01	 -8.3002047E-01
  2.2526117E+02	  7.5767062E-01	  4.5401110E-01
  2.2683643E+02	 -5.7246557E-01	  6.6496749E-01
  2.2841168E+02	 -5.5737047E-01	 -6.7325156E-01
  2.2998693E+02	  7.5119300E-01	 -4.3534272E-01
  2.3156219E+02	  2.9995316E-01	  8.0708684E-01
  2.3313744E+02	 -8.4213293E-01	  1.5782859E-01
  2.3471269E+02	 -1.5504338E-02	 -8.5297444E-01
  2.3628794E+02	  8.3716631E-01	  1.2561143E-01
  2.3786320E+02	 -2.6397215E-01	  7.9802271E-01
  2.3943845E+02	 -7.3928801E-01	 -3.9320965E-01
  2.4101370E+02	  5.0746351E-01	 -6.6035933E-01
  2.4258896E+02	  5.6137830E-01	  6.0614844E-01
  2.4416421E+02	 -6.8895398E-01	  4.4777131E-01
  2.4573946E+02	 -3.2514841E-01	 -7.5135351E-01
  2.4731472E+02	  7.8960275E-01	 -1.9470418E-01
  2.4888997E+02	  5.7994523E-02	  8.0522060E-01
  2.5046522E+02	 -8.0019053E-01	 -7.8779960E-02
  2.5204047E+02	  2.0963422E-01	 -7.7262234E-01
  2.5361573E+02	  7.2142303E-01	  3.3318874E-01
  2.5519098E+02	 -4.4814186E-01	  6.5049180E-01
  2.5676623E+02	 -5.6410042E-01	 -5.4918288E-01
  2.5834149E+02	  6.3158196E-01	 -4.6269658E-01
  2.5991674E+02	  3.4727393E-01	  6.9534151E-01
  2.6149199E+02	 -7.4085976E-01	  2.2331718E-01
  2.6306725E+02	 -9.6369514E-02	 -7.6498276E-01
  2.6464250E+02	  7.6530876E-01	  3.2010409E-02
  2.6621775E+02	 -1.6012361E-01	  7.4409056E-01
  2.6779300E+02	 -7.0404878E-01	 -2.8237999E-01
  2.6936826E+02	  3.9352094E-01	 -6.4453329E-01
  2.7094351E+02	  5.6555476E-01	  4.9247833E-01
  2.7251876E+02	 -5.7843038E-01	  4.7145021E-01
  2.7409402E+02	 -3.6683403E-01	 -6.4719166E-01
  2.7566927E+02	  6.9520132E-01	 -2.5287668E-01
  2.7724452E+02	  1.3109735E-01	  7.2316570E-01
  2.7881977E+02	 -7.3225152E-01	  6.8280734E-03
  2.8039503E+02	  1.1467243E-01	 -7.2057628E-01
  2.8197028E+02	  6.8694630E-01	  2.3180185E-01
  2.8354553E+02	 -3.4300997E-01	  6.3428536E-01
  2.8512079E+02	 -5.6593943E-01	 -4.4347525E-01
  2.8669604E+02	  5.2880531E-01	 -4.8224891E-01
  2.8827129E+02	  3.8406226E-01	  5.9845056E-01
  2.8984655E+02	 -6.5222787E-01	  2.7596724E-01
  2.9142180E+02	 -1.6271077E-01	 -6.8709724E-01
  2.9299705E+02	  7.0065171E-01	 -4.5872900E-02
  2.9457230E+02	 -7.2807630E-02	  6.9433851E-01
  2.9614756E+02	 -6.7007884E-01	 -1.8835581E-01
  2.9772281E+02	  2.9599825E-01	 -6.2711414E-01
  2.9929806E+02	  5.6528549E-01	  3.9435922E-01
  3.0087332E+02	 -4.8226970E-01	  4.8806599E-01
  3.0244857E+02	 -3.9926624E-01	 -5.5579524E-01
  3.0402382E+02	  6.1150271E-01	 -2.9995121E-01
  3.0559908E+02	  1.9153425E-01	  6.4949582E-01
  3.0717433E+02	 -6.7031396E-01	  7.8648508E-02
  3.0874958E+02	  3.4046521E-02	 -6.7202839E-01
  3.1032483E+02	  6.5332227E-01	  1.4485208E-01
  3.1190009E+02	 -2.5207887E-01	  6.1635001E-01
  3.1347534E+02	 -5.6370506E-01	 -3.5129468E-01
  3.1505059E+02	  4.3838378E-01	 -4.9557079E-01
  3.1662585E+02	  4.1261796E-01	  5.1240619E-01
  3.1820110E+02	 -5.7274426E-01	  3.1870226E-01
  3.1977635E+02	 -2.1790506E-01	 -6.1642316E-01
  3.2135160E+02	  6.4101010E-01	 -1.1174841E-01
  3.2292686E+02	  1.9417097E-03	  6.4732247E-01
  3.2450211E+02	 -6.3663692E-01	 -1.0704786E-01
  3.2607736E+02	  2.1085822E-01	 -6.0805485E-01
  3.2765262E+02	  5.6123376E-01	  3.0792483E-01
  3.2922787E+02	 -3.9683989E-01	  4.9894046E-01
  3.3080312E+02	 -4.2431106E-01	 -4.7386556E-01
  3.3237838E+02	  5.3567103E-01	 -3.3825870E-01
  3.3395363E+02	  2.4205456E-01	  5.8190068E-01
  3.3552888E+02	 -6.1259677E-01	  1.3974443E-01
  3.3710413E+02	 -3.5473605E-02	 -6.2576207E-01
  3.3867939E+02	  6.1994904E-01	  6.9041762E-02
  3.4025464E+02	 -1.7204944E-01	  5.9668578E-01
  3.4182989E+02	 -5.5793853E-01	 -2.6944362E-01
  3.4340515E+02	  3.5734705E-01	 -5.0370831E-01
  3.4498040E+02	  4.3447182E-01	  4.3454226E-01
  3.4655565E+02	 -5.0008227E-01	  3.5346849E-01
  3.4813091E+02	 -2.6420669E-01	 -5.5103142E-01
  3.4970616E+02	  5.8492418E-01	 -1.6809994E-01
  3.5128141E+02	  6.6782954E-02	  6.0207410E-01
  3.5285666E+02	 -6.0322596E-01	 -3.5712324E-02
  3.5443192E+02	  1.3538585E-01	 -5.8732684E-01
  3.5600717E+02	  5.5384851E-01	  2.3056796E-01
  3.5758242E+02	 -3.1968854E-01	  5.0496504E-01
  3.5915768E+02	 -4.4323127E-01	 -3.9917456E-01
  3.6073293E+02	  4.6578553E-01	 -3.6938193E-01
  3.6230818E+02	  2.8452465E-01	  5.1881091E-01
  3.6388343E+02	 -5.5789093E-01	  1.9219745E-01
  3.6545869E+02	 -9.6089248E-02	 -5.8095094E-01
  3.6703394E+02	  5.8641677E-01	  2.1201608E-03
  3.6860919E+02	 -1.0066741E-01	  5.7529336E-01
  3.7018445E+02	 -5.4901176E-01	 -1.9573426E-01
  3.7175970E+02	  2.8365911E-01	 -5.0738052E-01
  3.7333495E+02	  4.5067625E-01	  3.6302817E-01
  3.7491021E+02	 -4.3264240E-01	  3.8160503E-01
  3.7648546E+02	 -3.0316905E-01	 -4.8959481E-01
  3.7806071E+02	  5.3138842E-01	 -2.1664215E-01
  3.7963596E+02	  1.2355372E-01	  5.5792544E-01
  3.8121122E+02	 -5.6950276E-01	  2.7549333E-02
  3.8278647E+02	  6.7700938E-02	 -5.6491227E-01
  3.8436172E+02	  5.4344375E-01	  1.6047891E-01
  3.8593698E+02	 -2.4911123E-01	  5.0675962E-01
  3.8751223E+02	 -4.5690612E-01	 -3.3017357E-01
  3.8908748E+02	  4.0050974E-01	 -3.9442592E-01
 390.6627352206	  3.2024875E-01	  4.5913159E-01
  3.9223799E+02	 -5.0535235E-01	  2.3746120E-01
  3.9381324E+02	 -1.4934044E-01	 -5.3702027E-01
  3.9538849E+02	  5.5244006E-01	 -5.7491114E-02
  3.9696375E+02	 -3.6351951E-02	  5.5217374E-01
  3.9853900E+02	 -5.3718765E-01	 -1.2863158E-01
  4.0011425E+02	  2.1588933E-01	 -5.0709553E-01
  4.0168951E+02	  4.6197382E-01	  2.9657530E-01
  4.0326476E+02	 -3.6929848E-01	  4.0405598E-01
  4.0484001E+02	 -3.3588915E-01	 -4.3117945E-01
  4.0641526E+02	  4.7969458E-01	 -2.5858823E-01
  4.0799052E+02	  1.7355429E-01	  5.1440457E-01
  4.0956577E+02	 -5.3522670E-01	  8.4079753E-02
  4.1114102E+02	  6.4702583E-03	 -5.4080192E-01
  4.1271628E+02	  5.3024337E-01	  9.6373399E-02
  4.1429153E+02	 -1.8389913E-01	  5.0476594E-01
  4.1586678E+02	 -4.6596320E-01	 -2.6576321E-01
  4.1744204E+02	  3.3889351E-01	 -4.1417894E-01
  4.1901729E+02	  3.5015663E-01	  4.0208456E-01
  4.2059254E+02	 -4.5438168E-01	  2.7657342E-01
  4.2216779E+02	 -1.9632694E-01	 -4.9356172E-01
  4.2374305E+02	  5.1781791E-01	 -1.1091971E-01
  4.2531830E+02	  2.2027678E-02	  5.2732983E-01
  4.2689355E+02	 -5.2265639E-01	 -6.7038313E-02
  4.2846881E+02	  1.5301419E-01	 -5.0322040E-01
  4.3004406E+02	  4.6889897E-01	  2.3426064E-01
  4.3161931E+02	 -3.0924463E-01	  4.2150001E-01
  4.3319457E+02	 -3.6315665E-01	 -3.7511743E-01
  4.3476982E+02	  4.2933570E-01	 -2.9481154E-01
  4.3634507E+02	  2.1772013E-01	  4.7117493E-01
  4.3792032E+02	 -5.0022749E-01	  1.3484590E-01
  4.3949558E+02	 -4.9265873E-02	 -5.1499186E-01
  4.4107083E+02	  5.1441217E-01	  3.7326474E-02
  4.4264608E+02	 -1.2318106E-01	  4.9930511E-01
  4.4422134E+02	 -4.7085754E-01	 -2.0515211E-01
  4.4579659E+02	  2.8025329E-01	 -4.2921310E-01
  4.4737184E+02	  3.7492262E-01	  3.4710936E-01
  4.4894709E+02	 -4.0454808E-01	  3.1028504E-01
  4.5052235E+02	 -2.3784534E-01	 -4.5028414E-01
  4.5209760E+02	  4.8240791E-01	 -1.5898340E-01
  4.5367285E+02	  7.5289821E-02	  5.0076638E-01
  4.5524811E+02	 -5.0555978E-01	 -1.0160530E-02
  4.5682336E+02	  9.4292411E-02	 -4.9602487E-01
  4.5839861E+02	  4.7184208E-01	  1.7541635E-01
  4.5997387E+02	 -2.5189866E-01	  4.3443223E-01
  4.6154912E+02	 -3.8554735E-01	 -3.2092697E-01
  4.6312437E+02	  3.7994688E-01	 -3.2594853E-01
  4.6469962E+02	  2.5673220E-01	  4.2799510E-01
  4.6627488E+02	 -4.6438549E-01	  1.8055068E-01
  4.6785013E+02	 -1.0020573E-01	 -4.8748377E-01
  4.6942538E+02	  4.9607343E-01	 -1.7334417E-02
  4.7100064E+02	 -6.6325266E-02	  4.9061436E-01
  4.7257589E+02	 -4.7192472E-01	 -1.4776655E-01
  4.7415114E+02	  2.2409340E-01	 -4.3994817E-01
  4.7572640E+02	  3.9503977E-01	  2.9380137E-01
  4.7730165E+02	 -3.5554231E-01	  3.3914570E-01
  4.7887690E+02	 -2.7447815E-01	 -4.0697896E-01
  4.8045215E+02	  4.4611042E-01	 -2.0227811E-01
  4.8202741E+02	  1.2403092E-01	  4.7249230E-01
  4.8360266E+02	 -4.8600557E-01	  4.2580386E-02
  4.8517791E+02	  3.9185610E-02	 -4.8570958E-01
  4.8675317E+02	  4.7109240E-01	  1.1955823E-01
  4.8832842E+02	 -1.9683883E-01	  4.4321767E-01
  4.8990367E+02	 -4.0348401E-01	 -2.6826043E-01
  4.9147892E+02	  3.3126667E-01	 -3.5246582E-01
  4.9305418E+02	  2.9108916E-01	  3.8469402E-01
  4.9462943E+02	 -4.2761831E-01	  2.2170780E-01
  4.9620468E+02	 -1.4685814E-01	 -4.5828407E-01
  4.9777994E+02	  4.7532287E-01	 -6.8098639E-02
  4.9935519E+02	 -1.2872391E-02	  4.7887186E-01
  5.0093044E+02	 -4.6941360E-01	 -9.3191138E-02
  5.0250570E+02	  1.7005680E-01	 -4.4669471E-01
  5.0408095E+02	  4.1087186E-01	  2.4186972E-01
  5.0565620E+02	 -3.0714332E-01	  3.6355825E-01
  5.0723145E+02	 -3.0665118E-01	 -3.6350064E-01
  5.0880671E+02	  4.0885915E-01	 -2.4123998E-01
  5.1038196E+02	  1.6868531E-01	  4.4251908E-01
  5.1195721E+02	 -4.6407860E-01	  9.1603568E-02
  5.1353247E+02	 -1.2696344E-02	 -4.7242731E-01
  5.1510772E+02	  4.6686538E-01	  6.6336559E-02
  5.1668297E+02	 -1.4376317E-01	  4.4812614E-01
  5.1825823E+02	 -4.1727878E-01	 -2.1687062E-01
  5.1983348E+02	  2.8311028E-01	 -3.7470612E-01
  5.2140873E+02	  3.2115484E-01	  3.4115356E-01
  5.2298398E+02	 -3.8987349E-01	  2.5869107E-01
  5.2455924E+02	 -1.8959282E-01	 -4.2740454E-01
  5.2613449E+02	  4.5223619E-01	 -1.1531992E-01
  5.2770974E+02	  3.7507277E-02	  4.6421332E-01
  5.2928500E+02	 -4.6351139E-01	 -4.1128737E-02
  5.3086025E+02	  1.1788910E-01	 -4.4968304E-01
  5.3243550E+02	  4.2268589E-01	  1.9110998E-01
  5.3401075E+02	 -2.5919888E-01	  3.8381793E-01
  5.3558601E+02	 -3.3467528E-01	 -3.1975071E-01
  5.3716126E+02	  3.7061337E-01	 -2.7618420E-01
  5.3873651E+02	  2.0956567E-01	  4.1086373E-01
  5.4031177E+02	 -4.3984798E-01	  1.3721019E-01
  5.4188702E+02	 -6.1631335E-02	 -4.5629490E-01
  5.4346227E+02	  4.5932298E-01	  1.5504767E-02
  5.4503753E+02	 -9.2460248E-02	  4.4935837E-01
  5.4661278E+02	 -4.2716079E-01	 -1.6658621E-01
  5.4818803E+02	  2.3535303E-01	 -3.9291870E-01
  5.4976328E+02	  3.4719272E-01	  2.9729783E-01
  5.5133854E+02	 -3.5112205E-01	  2.9176951E-01
  5.5291379E+02	 -2.2867340E-01	 -3.9486230E-01
  5.5448904E+02	  4.2687650E-01	 -1.5924843E-01
  5.5606430E+02	  8.5045375E-02	  4.4674439E-01
  5.5763955E+02	 -4.5435898E-01	  8.6275000E-03
  5.5921480E+02	  6.7416332E-02	 -4.4908350E-01
  5.6079006E+02	  4.3067770E-01	  1.4138500E-01
  5.6236531E+02	 -2.1160924E-01	  4.0013854E-01
  5.6394056E+02	 -3.5877280E-01	 -2.7566905E-01
  5.6551581E+02	  3.3135468E-01	 -3.0733482E-01
  5.6709107E+02	  2.4689223E-01	  3.7754828E-01
  5.6866632E+02	 -4.1337233E-01	  1.7960979E-01
  5.7024157E+02	 -1.0781035E-01	 -4.3740422E-01
  5.7181683E+02	  4.4858792E-01	 -3.3104318E-02
  5.7339208E+02	 -4.2789254E-02	  4.4706263E-01
  5.7496733E+02	 -4.3329653E-01	 -1.1729653E-01
  5.7654259E+02	  1.8791803E-01	 -4.0728256E-01
  5.7811784E+02	  3.6938935E-01	  2.5308467E-01
  5.7969309E+02	 -3.1135530E-01	  3.2113094E-01
  5.8126834E+02	 -2.6428169E-01	 -3.6068093E-01
  5.8284360E+02	  3.9929890E-01	 -2.0005435E-01
 584.4188498663	  1.2989671E-01	  4.2654861E-01
 585.9941028309	 -4.4206340E-01	  5.6212649E-02
  5.8756936E+02	  1.8527560E-02	 -4.4502204E-01
  5.8914461E+02	  4.3498819E-01	  9.2610986E-02
  5.9071986E+02	 -1.6431828E-01	  4.1267135E-01
  5.9229511E+02	 -3.7909876E-01	 -2.3122715E-01
  5.9387037E+02	  2.9108342E-01	 -3.3484479E-01
  5.9544562E+02	  2.8081256E-01	  3.4260105E-01
  5.9702087E+02	 -3.8470428E-01	  2.1894012E-01
  5.9859613E+02	 -1.5135598E-01	 -4.1582939E-01
  6.0017138E+02	  4.3475342E-01	 -7.9594517E-02
  6.0174663E+02	  5.3332513E-03	  4.4134786E-01
  6.0332189E+02	 -4.3580508E-01	 -6.8939617E-02
  6.0489714E+02	  1.4076748E-01	 -4.1792182E-01
  6.0647239E+02	  3.8787125E-01	  2.0850106E-01
  6.0804764E+02	 -2.7058259E-01	  3.4690008E-01
  6.0962290E+02	 -2.9653498E-01	 -3.2489084E-01
  6.1119815E+02	  3.6955420E-01	 -2.3784387E-01
  6.1277340E+02	  1.7215454E-01	  4.0369457E-01
  6.1434866E+02	 -4.2670663E-01	  1.0170455E-01
  6.1592391E+02	 -2.8836458E-02	 -4.3759047E-01
  6.1749916E+02	  4.3571654E-01	  4.4748551E-02
  6.1907442E+02	 -1.1730580E-01	  4.2151921E-01
  6.2064967E+02	 -3.9575489E-01	 -1.8642370E-01
  6.2222492E+02	  2.4981721E-01	 -3.5881098E-01
  6.2380017E+02	  3.1141639E-01	  3.0605751E-01
  6.2537543E+02	 -3.5389394E-01	  2.5528148E-01
  6.2695068E+02	 -1.9233529E-01	 -3.9163214E-01
  6.2852593E+02	  4.1789155E-01	 -1.2401763E-01
  6.3010119E+02	  5.1944020E-02	  4.3229327E-01
  6.3167644E+02	 -4.3476853E-01	 -2.1494584E-02
  6.3325169E+02	  9.3897145E-02	 -4.2491828E-01
  6.3482694E+02	  4.0271756E-01	  1.6355899E-01
  6.3640220E+02	 -2.2883025E-01	  3.6915103E-01
  6.3797745E+02	 -3.2549886E-01	 -2.8753037E-01
  6.3955270E+02	  3.3769183E-01	 -2.7267135E-01
  6.4112796E+02	  2.1186163E-01	  3.7824091E-01
  6.4270321E+02	 -4.0835260E-01	  1.4513363E-01
  6.4427846E+02	 -7.4691943E-02	 -4.2685483E-01
  6.4585372E+02	  4.3292952E-01	 -2.2038861E-03
  6.4742897E+02	 -7.0582870E-02	  4.2674722E-01
  6.4900422E+02	 -4.0880057E-01	 -1.4128132E-01
  6.5057947E+02	  2.0759033E-01	 -3.7928496E-01
  6.5215473E+02	  3.3874692E-01	  2.6796136E-01
  6.5372998E+02	 -3.2099134E-01	  2.8866682E-01
  6.5530523E+02	 -2.3076930E-01	 -3.6486677E-01
  6.5688049E+02	  3.9805897E-01	 -1.6638221E-01
  6.5845574E+02	  9.7039792E-02	  4.1995569E-01
  6.6003099E+02	 -4.3024060E-01	  2.5024375E-02
  6.6160625E+02	  4.7332222E-02	 -4.2831999E-01
  6.6318150E+02	  4.1396970E-01	  1.1829360E-01
  6.6475675E+02	 -1.8614055E-01	  3.8791718E-01
  6.6633200E+02	 -3.5119628E-01	 -2.4864677E-01
  6.6790726E+02	  3.0376288E-01	 -3.0454830E-01
  6.6948251E+02	  2.4901866E-01	  3.5024045E-01
  6.7105776E+02	 -3.8705235E-01	  1.8649012E-01
  6.7263302E+02	 -1.1901789E-01	 -4.1286206E-01
  6.7420827E+02	  4.2666911E-01	 -4.8215155E-02
  6.7578352E+02	 -2.4188425E-02	  4.2839030E-01
  6.7735877E+02	 -4.1826132E-01	 -9.5845132E-02
  6.7893403E+02	  1.6445282E-01	 -3.9628159E-01
  6.8050928E+02	  3.6280844E-01	  2.2836576E-01
  6.8208453E+02	 -2.8604937E-01	  3.1908991E-01
  6.8365979E+02	 -2.6664012E-01	 -3.3558331E-01
  6.8523504E+02	  3.7530205E-01	 -2.0665925E-01
  6.8681029E+02	  1.4058288E-01	  4.0437566E-01
  6.8838555E+02	 -4.2225284E-01	  7.0572067E-02
  6.8996080E+02	  1.1249472E-03	 -4.2814828E-01
  6.9153605E+02	  4.2163897E-01	  7.2761664E-02
  6.9311130E+02	 -1.4257135E-01	  4.0319839E-01
  6.9468656E+02	 -3.7361439E-01	 -2.0829739E-01
  6.9626181E+02	  2.6782272E-01	 -3.3345016E-01
  6.9783706E+02	  2.8359077E-01	  3.1974330E-01
  6.9941232E+02	 -3.6284826E-01	  2.2572889E-01
  7.0098757E+02	 -1.6176043E-01	 -3.9564566E-01
  7.0256282E+02	  4.1695814E-01	 -9.3224973E-02
  7.0413808E+02	  2.1812872E-02	  4.2645932E-01
  7.0571333E+02	 -4.2413516E-01	 -5.0181746E-02
  7.0728858E+02	  1.2047097E-01	 -4.0978563E-01
  7.0886383E+02	  3.8357291E-01	  1.8733411E-01
  7.1043909E+02	 -2.4912582E-01	  3.4651056E-01
  7.1201434E+02	 -2.9989633E-01	 -3.0383158E-01
  7.1358959E+02	  3.4966069E-01	 -2.4478754E-01
  7.1516485E+02	  1.8250441E-01	  3.8558156E-01
  7.1674010E+02	 -4.1082039E-01	  1.1507450E-01
  7.1831535E+02	 -4.4647830E-02	 -4.2440394E-01
  7.1989060E+02	  4.2571151E-01	  2.7040413E-02
  7.2146586E+02	 -9.8197330E-02	  4.1496647E-01
  7.2304111E+02	 -3.9271111E-01	 -1.6655123E-01
  7.2461636E+02	  2.2993207E-01	 -3.5932149E-01
  7.2619162E+02	  3.1551080E-01	  2.8680040E-01
  7.2776687E+02	 -3.3577889E-01	  2.6277417E-01
  7.2934212E+02	 -2.0283674E-01	 -3.7522908E-01
  7.3091738E+02	  4.0380475E-01	 -1.3714527E-01
  7.3249263E+02	  6.7331800E-02	  4.2094701E-01
  7.3406788E+02	 -4.2639796E-01	 -4.3780124E-03
  7.3564313E+02	  7.5727528E-02	 -4.1975611E-01
  7.3721839E+02	  4.0098473E-01	  1.4494226E-01
  7.3879364E+02	 -2.1028557E-01	  3.7086000E-01
  7.4036889E+02	 -3.3045674E-01	 -2.6966317E-01
  7.4194415E+02	  3.2117216E-01	 -2.8067616E-01
  7.4351940E+02	  2.2270746E-01	  3.6359429E-01
  7.4509465E+02	 -3.9594599E-01	  1.5843144E-01
  7.4666991E+02	 -8.9885256E-02	 -4.1707110E-01
  7.4824516E+02	  4.2615347E-01	 -1.8772002E-02
  7.4982041E+02	 -5.3109891E-02	  4.2317046E-01
  7.5139566E+02	 -4.0841856E-01	 -1.2348952E-01
  7.5297092E+02	  1.9016039E-01	 -3.8207924E-01
  7.5454617E+02	  3.4468433E-01	  2.5146646E-01
  7.5612142E+02	 -3.0588082E-01	  2.9752227E-01
  7.5769668E+02	 -2.4213597E-01	 -3.5162996E-01
  7.5927193E+02	  3.8720749E-01	 -1.7986242E-01
  7.6084718E+02	  1.1225625E-01	  4.1183133E-01
  7.6242243E+02	 -4.2500697E-01	  4.1457996E-02
  7.6399769E+02	  3.0322927E-02	 -4.2613147E-01
  7.6557294E+02	  4.1496490E-01	  1.0127886E-01
  7.6714819E+02	 -1.6960265E-01	  3.9204341E-01
  7.6872345E+02	 -3.5821365E-01	 -2.3313502E-01
  7.7029870E+02	  2.8987395E-01	 -3.1420777E-01
  7.7187395E+02	  2.6106860E-01	  3.3843033E-01
  7.7344921E+02	 -3.7762386E-01	  2.0051720E-01
  7.7502446E+02	 -1.3446298E-01	 -4.0612163E-01
  7.7659971E+02	  4.2291502E-01	 -6.4556946E-02
  7.7817496E+02	 -7.4180317E-03	  4.2773948E-01
 779.7502174766	 -4.2064681E-01	 -7.9208378E-02
  7.8132547E+02	  1.4858725E-01	 -4.0161716E-01
  7.8290072E+02	  3.7099133E-01	  2.1380167E-01
  7.8447598E+02	 -2.7319292E-01	  3.2984313E-01
  7.8605123E+02	 -2.7952217E-01	 -3.2486387E-01
  7.8762648E+02	  3.6715746E-01	 -2.2123832E-01
  7.8920174E+02	  1.5645011E-01	  3.9907933E-01
  7.9077699E+02	 -4.1990567E-01	  8.7197250E-02
  7.9235224E+02	 -1.5624635E-02	 -4.2883218E-01
  7.9392749E+02	  4.2541352E-01	  5.6447923E-02
  7.9550275E+02	 -1.2716273E-01	  4.0994367E-01
  7.9707800E+02	 -3.8303543E-01	 -1.9431116E-01
  7.9865325E+02	  2.5580669E-01	 -3.4523983E-01
  8.0022851E+02	  2.9743920E-01	  3.1010538E-01
  8.0180376E+02	 -3.5584332E-01	  2.4118173E-01
  8.0337901E+02	 -1.7823369E-01	 -3.9151802E-01
  8.0495426E+02	  4.1593327E-01	 -1.1017404E-01
  8.0652952E+02	  3.8750265E-02	  4.2858693E-01
  8.0810477E+02	 -4.2928687E-01	 -3.3819313E-02
  8.0968002E+02	  1.0530479E-01	 -4.1780708E-01
  8.1125528E+02	  3.9428887E-01	  1.7387531E-01
  8.1283053E+02	 -2.3775846E-01	  3.5958281E-01
  8.1440578E+02	 -3.1483447E-01	 -2.9494666E-01
  8.1598104E+02	  3.4364265E-01	 -2.6111030E-01
  8.1755629E+02	  1.9975442E-01	  3.8265071E-01
  8.1913154E+02	 -4.1102574E-01	  1.3268898E-01
  8.2070679E+02	 -6.1977050E-02	 -4.2776410E-01
  8.2228205E+02	  4.3221329E-01	  1.0570037E-02
  8.2385730E+02	 -8.3064683E-02	  4.2442320E-01
  8.2543255E+02	 -4.0476791E-01	 -1.5326579E-01
  8.2700781E+02	  2.1901738E-01	 -3.7360649E-01
  8.2858306E+02	  3.3164668E-01	  2.7863694E-01
  8.3015831E+02	 -3.3059140E-01	  2.8025052E-01
  8.3173357E+02	 -2.2102626E-01	 -3.7321719E-01
  8.3330882E+02	  4.0513566E-01	 -1.5546131E-01
  8.3488407E+02	  8.5246837E-02	  4.2561231E-01
  8.3645932E+02	 -4.3421335E-01	  1.2548028E-02
  8.3803458E+02	  6.0419600E-02	 -4.3050205E-01
  8.3960983E+02	  4.1441237E-01	  1.3176754E-01
  8.4118508E+02	 -1.9962844E-01	  3.8656414E-01
  8.4276034E+02	 -3.4788832E-01	 -2.6189796E-01
  8.4433559E+02	  3.1665032E-01	 -2.9929180E-01
  8.4591084E+02	  2.4198623E-01	  3.6250038E-01
  8.4748609E+02	 -3.9829078E-01	  1.7775966E-01
  8.4906135E+02	 -1.0857563E-01	 -4.2282113E-01
  8.5063660E+02	  4.3523122E-01	 -3.6215718E-02
  8.5221185E+02	 -3.7423512E-02	  4.3532611E-01
  8.5378711E+02	 -4.2323663E-01	 -1.1008558E-01
  8.5536236E+02	  1.7956153E-01	 -3.9911937E-01
  8.5693761E+02	  3.6349452E-01	  2.4404764E-01
  8.5851287E+02	 -3.0185643E-01	  3.1752507E-01
  8.6008812E+02	 -2.6264593E-01	 -3.5117278E-01
  8.6166337E+02	  3.9044235E-01	 -2.0023338E-01
  8.6323862E+02	  1.3190167E-01	  4.1870461E-01
  8.6481388E+02	 -4.3528669E-01	  5.9744769E-02
  8.6638913E+02	  1.4055103E-02	 -4.3953741E-01
  8.6796438E+02	  4.3117729E-01	  8.7572572E-02
  8.6953964E+02	 -1.5886408E-01	  4.1058824E-01
  8.7111489E+02	 -3.7847574E-01	 -2.2574360E-01
  8.7269014E+02	  2.8617020E-01	 -3.3557178E-01
  8.7426540E+02	  2.8293839E-01	  3.3858197E-01
  8.7584065E+02	 -3.8161859E-01	  2.2221230E-01
  8.7741590E+02	 -1.5523904E-01	 -4.1388737E-01
  8.7899115E+02	  4.3432133E-01	 -8.3749490E-02
  8.8056641E+02	  9.6279522E-03	  4.4248014E-01
  8.8214166E+02	 -4.3824764E-01	 -6.4872240E-02
  8.8371691E+02	  1.3750655E-01	 -4.2156848E-01
  8.8529217E+02	  3.9276310E-01	  2.0636807E-01
  8.8686742E+02	 -2.6963051E-01	  3.5278261E-01
  8.8844267E+02	 -3.0287310E-01	 -3.2533818E-01
  8.9001792E+02	  3.7176941E-01	 -2.4428042E-01
  8.9159318E+02	  1.7852178E-01	  4.0774456E-01
  8.9316843E+02	 -4.3235482E-01	  1.0760040E-01
  8.9474368E+02	 -3.3645577E-02	 -4.4473304E-01
  8.9631894E+02	  4.4438077E-01	  4.1400917E-02
  8.9789419E+02	 -1.1553951E-01	  4.3143477E-01
  8.9946944E+02	 -4.0636540E-01	 -1.8651912E-01
  9.0104470E+02	  2.5219762E-01	 -3.6971513E-01
  9.0261995E+02	  3.2237873E-01	  3.1084998E-01
  9.0419520E+02	 -3.6092404E-01	  2.6582465E-01
  9.0577045E+02	 -2.0176188E-01	 -4.0084002E-01
  9.0734571E+02	  4.2932647E-01	 -1.3184886E-01
  9.0892096E+02	  5.7936259E-02	  4.4569826E-01
  9.1049621E+02	 -4.4958886E-01	 -1.7745376E-02
  9.1207147E+02	  9.2934515E-02	 -4.4072308E-01
  9.1364672E+02	  4.1920988E-01	  1.6563964E-01
  9.1522197E+02	 -2.3391256E-01	  3.8577563E-01
  9.1679723E+02	 -3.4146253E-01	 -2.9566971E-01
  9.1837248E+02	  3.4903140E-01	 -2.8736731E-01
  9.1994773E+02	  2.2488903E-01	  3.9260660E-01
  9.2152298E+02	 -4.2525585E-01	  1.5592023E-01
  9.2309824E+02	 -8.2517795E-02	 -4.4589514E-01
  9.2467349E+02	  4.5380214E-01	 -6.6178411E-03
  9.2624874E+02	 -6.9745269E-02	  4.4886284E-01
  9.2782400E+02	 -4.3130331E-01	 -1.4427251E-01
  9.2939925E+02	  2.1473612E-01	 -4.0146174E-01
  9.3097450E+02	  3.6004903E-01	  2.7926330E-01
  9.3254976E+02	 -3.3612178E-01	  3.0834819E-01
  9.3412501E+02	 -2.4791265E-01	 -3.8355168E-01
  9.3570026E+02	  4.2008048E-01	 -1.8030662E-01
  9.3727551E+02	  1.0732466E-01	  4.4478006E-01
  9.3885077E+02	 -4.5703165E-01	  3.1154535E-02
  9.4042602E+02	  4.5944871E-02	 -4.5633237E-01
  9.4200127E+02	  4.4256906E-01	  1.2191772E-01
  9.4357653E+02	 -1.9471191E-01	  4.1623152E-01
  9.4515178E+02	 -3.7814304E-01	 -2.6212936E-01
  9.4672703E+02	  3.2214356E-01	 -3.2923158E-01
  9.4830228E+02	  2.7075787E-01	  3.7316218E-01
  9.4987754E+02	 -4.1382019E-01	  2.0448390E-01
  9.5145279E+02	 -1.3237243E-01	 -4.4281718E-01
  9.5302804E+02	  4.5920454E-01	 -5.6331473E-02
  9.5460330E+02	 -2.1590966E-02	  4.6261210E-01
  9.5617855E+02	 -4.5301241E-01	 -9.9067178E-02
  9.5775380E+02	  1.7380106E-01	 -4.3052623E-01
  9.5932906E+02	  3.9566417E-01	  2.4378809E-01
  9.6090431E+02	 -3.0712911E-01	  3.4950660E-01
  9.6247956E+02	 -2.9343187E-01	 -3.6189261E-01
  9.6405481E+02	  4.0641042E-01	 -2.2888787E-01
  9.6563007E+02	  1.5759061E-01	  4.3951412E-01
  9.6720532E+02	 -4.6033150E-01	  8.1663543E-02
  9.6878057E+02	 -3.3418809E-03	 -4.6812583E-01
  9.7035583E+02	  4.6255237E-01	  7.5275288E-02
  9.7193108E+02	 -1.5205081E-01	  4.4385246E-01
  9.7350633E+02	 -4.1261547E-01	 -2.2468781E-01
 975.0815850869	  2.9102581E-01	 -3.6958213E-01
  9.7665684E+02	  3.1585420E-01	  3.4928172E-01
  9.7823209E+02	 -3.9787221E-01	  2.5304211E-01
  9.7980734E+02	 -1.8299276E-01	 -4.3528254E-01
  9.8138260E+02	  4.6033625E-01	 -1.0756279E-01
  9.8295785E+02	  2.8791244E-02	  4.7240280E-01
  9.8453310E+02	 -4.7119303E-01	 -5.0985764E-02
  9.8610836E+02	  1.2942279E-01	 -4.5659750E-01
  9.8768361E+02	  4.2891114E-01	  2.0440101E-01
  9.8925886E+02	 -2.7386888E-01	  3.8899404E-01
  9.9083411E+02	 -3.3802986E-01	 -3.3573387E-01
  9.9240937E+02	  3.8813889E-01	 -2.7732800E-01
  9.9398462E+02	  2.0850271E-01	  4.2967937E-01
  9.9555987E+02	 -4.5922961E-01	  1.3359062E-01
  9.9713513E+02	 -5.4780961E-02	 -4.7581444E-01
  9.9871038E+02	  4.7884885E-01	  2.5805938E-02
  1.0002856E+03	 -1.0596843E-01	  4.6831451E-01
  1.0018609E+03	 -4.4455234E-01	 -1.8332813E-01
  1.0034361E+03	  2.5560516E-01	 -4.0809763E-01
  1.0050114E+03	  3.5987253E-01	  3.2083784E-01
  1.0065866E+03	 -3.7723313E-01	  3.0131439E-01
  1.0081619E+03	 -2.3413170E-01	 -4.2306604E-01
  1.0097372E+03	  4.5693202E-01	 -1.6010593E-01
  1.0113124E+03	  8.1243253E-02	  4.7793692E-01
  1.0128877E+03	 -4.8552287E-01	 -1.3368489E-04
  1.0144629E+03	  8.1650336E-02	 -4.7933854E-01
  1.0160382E+03	  4.5944785E-01	  1.6109258E-01
  1.0176134E+03	 -2.3627301E-01	  4.2647341E-01
  1.0191887E+03	 -3.8138466E-01	 -3.0495016E-01
  1.0207639E+03	  3.6508655E-01	 -3.2532984E-01
  1.0223392E+03	  2.5979756E-01	  4.1504715E-01
  1.0239144E+03	 -4.5345454E-01	  1.8671423E-01
  1.0254897E+03	 -1.0819983E-01	 -4.7909139E-01
  1.0270649E+03	  4.9112507E-01	 -2.6372143E-02
  1.0286402E+03	 -5.6524568E-02	  4.8926739E-01
  1.0302154E+03	 -4.7359669E-01	 -1.3804929E-01
  1.0317907E+03	  2.1581929E-01	 -4.4442481E-01
  1.0333659E+03	  4.0247385E-01	  2.8770820E-01
  1.0349412E+03	 -3.5172374E-01	  3.4898617E-01
  1.0365165E+03	 -2.8550875E-01	 -4.0593621E-01
  1.0380917E+03	  4.4871447E-01	 -2.1372282E-01
  1.0396670E+03	  1.3557695E-01	  4.7889917E-01
  1.0412422E+03	 -4.9565763E-01	  5.3357148E-02
  1.0428175E+03	  3.0555114E-02	 -4.9838565E-01
  1.0443927E+03	  4.8690203E-01	  1.1387135E-01
  1.0459680E+03	 -1.9428601E-01	  4.6157503E-01
  1.0475432E+03	 -4.2313974E-01	 -2.6942288E-01
  1.0491185E+03	  3.3707494E-01	 -3.7256062E-01
  1.0506937E+03	  3.1117653E-01	  3.9538393E-01
  1.0522690E+03	 -4.4272366E-01	  2.4077907E-01
  1.0538442E+03	 -1.6339400E-01	 -4.7763298E-01
  1.0554195E+03	  4.9902580E-01	 -8.1112003E-02
  1.0569947E+03	 -3.8035101E-03	  5.0633426E-01
  1.0585700E+03	 -4.9936091E-01	 -8.8870139E-02
  1.0601452E+03	  1.7162034E-01	 -4.7817679E-01
  1.0617205E+03	  4.4328337E-01	  2.4977922E-01
  1.0632958E+03	 -3.2116727E-01	  3.9570623E-01
  1.0648710E+03	 -3.3680637E-01	 -3.8365755E-01
  1.0664463E+03	  4.3539635E-01	 -2.6813934E-01
  1.0680215E+03	  1.9157062E-01	  4.7495830E-01
  1.0695968E+03	 -5.0123104E-01	  1.0932406E-01
  1.0711720E+03	 -2.3764362E-02	 -5.1334850E-01
  1.0727473E+03	  5.1087066E-01	  6.2767747E-02
  1.0743225E+03	 -1.4786871E-01	  4.9389461E-01
  1.0758978E+03	 -4.6290151E-01	 -2.2904409E-01
  1.0774730E+03	  3.0392984E-01	 -4.1864940E-01
  1.0790483E+03	  3.6230241E-01	  3.7045353E-01
  1.0806235E+03	 -4.2674533E-01	  2.9549169E-01
  1.0821988E+03	 -2.2012303E-01	 -4.7110037E-01
  1.0837740E+03	  5.0217435E-01	 -1.3823382E-01
  1.0853493E+03	  5.2081255E-02	  5.1911148E-01
  1.0869245E+03	 -5.2142596E-01	 -3.5833669E-02
  1.0884998E+03	  1.2297933E-01	 -5.0893135E-01
  1.0900751E+03	  4.8188849E-01	  2.0694970E-01
  1.0916503E+03	 -2.8539255E-01	  4.4108316E-01
  1.0932256E+03	 -3.8766639E-01	 -3.5599404E-01
  1.0948008E+03	  4.1668250E-01	 -3.2304190E-01
  1.0963761E+03	  2.4896414E-01	  4.6576809E-01
  1.0979513E+03	 -5.0185620E-01	  1.6756874E-01
  1.0995266E+03	 -8.1178451E-02	 -5.2381019E-01
  1.1011018E+03	  5.3091855E-01	  7.8386849E-03
  1.1026771E+03	 -9.7003162E-02	  5.2299174E-01
  1.1042523E+03	 -5.0023736E-01	 -1.8372037E-01
  1.1058276E+03	  2.6548450E-01	 -4.6318377E-01
  1.1074028E+03	  4.1279546E-01	  3.4002047E-01
  1.1089781E+03	 -4.0522145E-01	  3.5051678E-01
  1.1105533E+03	 -2.7810608E-01	 -4.5914086E-01
  1.1121286E+03	  5.0017360E-01	 -1.9751989E-01
  1.1137038E+03	  1.1098237E-01	  5.2716870E-01
  1.1152791E+03	 -5.3934065E-01	  2.0987913E-02
  1.1168544E+03	  6.9890256E-02	 -5.3622956E-01
  1.1184296E+03	  5.1783572E-01	  1.5913520E-01
  1.1200049E+03	 -2.4423859E-01	  4.8468285E-01
  1.1215801E+03	 -4.3768683E-01	 -3.2271152E-01
  1.1231554E+03	  3.9227238E-01	 -3.7807219E-01
  1.1247306E+03	  3.0745459E-01	  4.5097014E-01
  1.1263059E+03	 -4.9712609E-01	  2.2785307E-01
  1.1278811E+03	 -1.4152070E-01	 -5.2932689E-01
  1.1294564E+03	  5.4657840E-01	 -5.0827052E-02
  1.1310316E+03	 -4.1696764E-02	  5.4838852E-01
  1.1326069E+03	 -5.3467267E-01	 -1.3337752E-01
  1.1341821E+03	  2.2158439E-01	 -5.0570696E-01
  1.1357574E+03	  4.6223013E-01	  3.0385326E-01
  1.1373326E+03	 -3.7785001E-01	  4.0547247E-01
  1.1389079E+03	 -3.3701693E-01	 -4.4139040E-01
  1.1404831E+03	  4.9260721E-01	 -2.5870986E-01
  1.1420584E+03	  1.7271323E-01	  5.3004913E-01
  1.1436337E+03	 -5.5262104E-01	  8.1488069E-02
  1.1452089E+03	  1.2375650E-02	 -5.5957416E-01
  1.1467842E+03	  5.5062901E-01	  1.0627288E-01
  1.1483594E+03	 -1.9755827E-01	  5.2602493E-01
  1.1499347E+03	 -4.8641746E-01	 -2.8358232E-01
  1.1515099E+03	  3.6186340E-01	 -4.3282375E-01
  1.1530852E+03	  3.6669114E-01	  4.3019522E-01
  1.1546604E+03	 -4.8661554E-01	  2.8989293E-01
  1.1562357E+03	 -2.0458302E-01	 -5.2942908E-01
  1.1578109E+03	  5.5734943E-01	 -1.1310369E-01
  1.1593862E+03	  1.8011349E-02	  5.6956809E-01
  1.1609614E+03	 -5.6568930E-01	 -7.7965391E-02
  1.1625367E+03	  1.7209115E-01	 -5.4571433E-01
  1.1641119E+03	  5.1013055E-01	  2.6172893E-01
  1.1656872E+03	 -3.4432888E-01	  4.5992622E-01
 1167.262446768	 -3.9647905E-01	 -4.1747556E-01
  1.1688377E+03	  4.7904126E-01	 -3.2149459E-01
  1.1704130E+03	  2.3704233E-01	  5.2727066E-01
  1.1719882E+03	 -5.6075002E-01	  1.4552030E-01
  1.1735635E+03	 -4.9507718E-02	 -5.7842816E-01
 1175.138711591	  5.7972727E-01	  4.8327119E-02
  1.1767140E+03	 -1.4522356E-01	  5.6458001E-01
  1.1782892E+03	 -5.3335590E-01	 -2.3838907E-01
  1.1798645E+03	  3.2515477E-01	 -4.8683648E-01
  1.1814397E+03	  4.2627018E-01	  4.0306675E-01
  1.1830150E+03	 -4.6988249E-01	  3.5335295E-01
  1.1845902E+03	 -2.7010894E-01	 -5.2362212E-01
  1.1861655E+03	  5.6269821E-01	 -1.7882226E-01
  1.1877407E+03	  8.2045150E-02	  5.8597319E-01
  1.1893160E+03	 -5.9272278E-01	 -1.7464222E-02
  1.1908912E+03	  1.1688848E-01	 -5.8265069E-01
  1.1924665E+03	  5.5596690E-01	  2.1343725E-01
  1.1940417E+03	 -3.0435949E-01	  5.1338936E-01
  1.1956170E+03	 -4.5606002E-01	 -3.8701739E-01
  1.1971923E+03	  4.5902646E-01	 -3.8551102E-01
  1.1987675E+03	  3.0368677E-01	  5.1832628E-01
  1.2003428E+03	 -5.6317775E-01	  2.1289124E-01
  1.2019180E+03	 -1.1566286E-01	 -5.9221414E-01
  1.2034933E+03	  6.0454199E-01	 -1.4704713E-02
  1.2050685E+03	 -8.7131617E-02	  5.9976611E-01
  1.2066438E+03	 -5.7794409E-01	 -1.8693025E-01
  1.2082190E+03	  2.8185109E-01	 -5.3959208E-01
  1.2097943E+03	  4.8572871E-01	  3.6920421E-01
  1.2113695E+03	 -4.4647137E-01	  4.1784055E-01
  1.2129448E+03	 -3.3778780E-01	 -5.1138724E-01
  1.2145200E+03	  5.6205819E-01	 -2.4776333E-01
  1.2160953E+03	  1.5028446E-01	  5.9700601E-01
  1.2176705E+03	 -6.1516055E-01	  4.8109697E-02
  1.2192458E+03	  5.5888050E-02	 -6.1590651E-01
  1.2208210E+03	  5.9915113E-01	  1.5878690E-01
  1.2223963E+03	 -2.5765168E-01	  5.6531284E-01
  1.2239716E+03	 -5.1526563E-01	 -3.4963449E-01
  1.2255468E+03	  4.3210102E-01	 -4.5033484E-01
  1.2271221E+03	  3.7230577E-01	  5.0268665E-01
  1.2286973E+03	 -5.5932158E-01	  2.8335433E-01
  1.2302726E+03	 -1.8594482E-01	 -6.0031296E-01
  1.2318478E+03	  6.2443601E-01	 -8.2784822E-02
  1.2334231E+03	 -2.3210396E-02	  6.3094605E-01
  1.2349983E+03	 -6.1956301E-01	 -1.2902567E-01
  1.2365736E+03	  2.3166881E-01	 -5.9050878E-01
  1.2381488E+03	  5.4453981E-01	  3.2822710E-01
  1.2397241E+03	 -4.1591503E-01	  4.8289865E-01
  1.2412993E+03	 -4.0724671E-01	 -4.9218442E-01
  1.2428746E+03	  5.5483112E-01	 -3.1965062E-01
  1.2444498E+03	  2.2255796E-01	  6.0202660E-01
  1.2460251E+03	 -6.3233999E-01	  1.1869567E-01
  1.2476003E+03	 -1.0963562E-02	 -6.4481580E-01
  1.2491756E+03	  6.3903282E-01	  9.7610935E-02
  1.2507509E+03	 -2.0392928E-01	  6.1508107E-01
  1.2523261E+03	 -5.7353392E-01	 -3.0494844E-01
  1.2539014E+03	  3.9779409E-01	 -5.1547453E-01
  1.2554766E+03	  4.4249301E-01	  4.7980148E-01
  1.2570519E+03	 -5.4856757E-01	  3.5660111E-01
  1.2586271E+03	 -2.6015355E-01	 -6.0206435E-01
  1.2602024E+03	  6.3872096E-01	 -1.5582810E-01
  1.2617776E+03	  4.6572898E-02	  6.5742385E-01
  1.2633529E+03	 -6.5752985E-01	 -6.4523850E-02
  1.2649281E+03	  1.7434067E-01	 -6.3893619E-01
  1.2665034E+03	  6.0210475E-01	  2.7976015E-01
  1.2680786E+03	 -3.7774012E-01	  5.4799915E-01
  1.2696539E+03	 -4.7804405E-01	 -4.6545421E-01
  1.2712291E+03	  5.4038754E-01	 -3.9414183E-01
  1.2728044E+03	  2.9863428E-01	  6.0035396E-01
  1.2743796E+03	 -6.4354725E-01	  1.9418163E-01
  1.2759549E+03	 -8.3677090E-02	 -6.6865220E-01
  1.2775302E+03	  6.7489495E-01	  2.9775036E-02
  1.2791054E+03	 -1.4293661E-01	  6.6200747E-01
  1.2806807E+03	 -6.3022864E-01	 -2.5258850E-01
  1.2822559E+03	  3.5563015E-01	 -5.8036321E-01
  1.2838312E+03	  5.1376870E-01	  4.4910349E-01
  1.2854064E+03	 -5.3027189E-01	  4.3225381E-01
  1.2869817E+03	 -3.3802466E-01	 -5.9676605E-01
  1.2885569E+03	  6.4665689E-01	 -2.3369247E-01
  1.2901322E+03	  1.2220450E-01	  6.7844280E-01
  1.2917074E+03	 -6.9109257E-01	  6.6908606E-03
  1.2932827E+03	  1.0962422E-01	 -6.8414964E-01
  1.2948579E+03	  6.5774783E-01	  2.2343932E-01
  1.2964332E+03	 -3.3147059E-01	  6.1253499E-01
  1.2980084E+03	 -5.4965999E-01	 -4.3062187E-01
  1.2995837E+03	  5.1806968E-01	 -4.7082064E-01
  1.3011589E+03	  3.7821356E-01	  5.9126564E-01
  1.3027342E+03	 -6.4801591E-01	  2.7439397E-01
  1.3043095E+03	 -1.6221160E-01	 -6.8662724E-01
  1.3058847E+03	  7.0594992E-01	 -4.4814883E-02
  1.3074600E+03	 -7.4445963E-02	  7.0532833E-01
  1.3090352E+03	 -6.8463251E-01	 -1.9219889E-01
  1.3106105E+03	  3.0513443E-01	 -6.4435150E-01
  1.3121857E+03	  5.8557089E-01	  4.1001171E-01
  1.3137610E+03	 -5.0376347E-01	  5.0985534E-01
  1.3153362E+03	 -4.1922021E-01	 -5.8367548E-01
  1.3169115E+03	  6.4745085E-01	 -3.1617004E-01
  1.3184867E+03	  2.0361393E-01	  6.9318243E-01
  1.3200620E+03	 -7.1942680E-01	  8.4688893E-02
  1.3216372E+03	  3.7308974E-02	 -7.2534477E-01
  1.3232125E+03	  7.1070865E-01	  1.5891911E-01
  1.3247877E+03	 -2.7663438E-01	  6.7581251E-01
  1.3263630E+03	 -6.2148805E-01	 -3.8710140E-01
  1.3279382E+03	  4.8719410E-01	 -5.4918656E-01
  1.3295135E+03	  4.6091724E-01	  5.7399942E-01
  1.3310888E+03	 -6.4492644E-01	  3.5908780E-01
  1.3326640E+03	 -2.4646446E-01	 -6.9788792E-01
  1.3342393E+03	  7.3133552E-01	 -1.2620296E-01
  1.3358145E+03	  1.7334318E-03	  7.4419748E-01
  1.3373898E+03	 -7.3594029E-01	 -1.2344617E-01
  1.3389650E+03	  2.4583939E-01	 -7.0669896E-01
  1.3405403E+03	  6.5724638E-01	  3.6193686E-01
  1.3421155E+03	 -4.6834720E-01	  5.8885939E-01
  1.3436908E+03	 -5.0331793E-01	 -5.6201131E-01
  1.3452660E+03	  6.4025699E-01	 -4.0297619E-01
  1.3468413E+03	  2.9066357E-01	  7.0075660E-01
  1.3484165E+03	 -7.4163178E-01	  1.6948531E-01
  1.3499918E+03	 -4.2773801E-02	 -7.6163215E-01
  1.3515670E+03	  7.6013529E-01	  8.5880686E-02
  1.3531423E+03	 -2.1277045E-01	  7.3704256E-01
  1.3547175E+03	 -6.9282571E-01	 -3.3430162E-01
  1.3562928E+03	  4.4705523E-01	 -6.2864474E-01
  1.3578681E+03	  5.4627646E-01	  5.4775548E-01
  1.3594433E+03	 -6.3340691E-01	  4.4793582E-01
  1.3610186E+03	 -3.3626026E-01	 -7.0151458E-01
  1.3625938E+03	  7.5011145E-01	 -2.1437217E-01
  1.3641691E+03	  8.5745460E-02	  7.7768104E-01
  1.3657443E+03	 -7.8325161E-01	 -4.6028468E-02
  1.3673196E+03	  1.7729258E-01	 -7.6656556E-01
  1.3688948E+03	  7.2804057E-01	  3.0428754E-01
  1.3704701E+03	 -4.2330874E-01	  6.6861978E-01
  1.3720453E+03	 -5.8979982E-01	 -5.3095573E-01
  1.3736206E+03	  6.2417722E-01	 -4.9373736E-01
  1.3751958E+03	  3.8313689E-01	  7.0021237E-01
  1.3767711E+03	 -7.5672686E-01	  2.6102839E-01
  1.3783463E+03	 -1.3074020E-01	 -7.9203173E-01
  1.3799216E+03	  8.0507709E-01	  4.0421134E-03
  1.3814968E+03	 -1.3943723E-01	  7.9533221E-01
  1.3830721E+03	 -7.6286371E-01	 -2.7163262E-01
  1.3846474E+03	  3.9693134E-01	 -7.0849440E-01
  1.3862226E+03	  6.3372081E-01	  5.1169934E-01
  1.3877979E+03	 -6.1253350E-01	  5.4051529E-01
  1.3893731E+03	 -4.3133800E-01	 -6.9652044E-01
  1.3909484E+03	  7.6125589E-01	 -3.0923244E-01
  1.3925236E+03	  1.7767518E-01	  8.0475189E-01
  1.3940989E+03	 -8.2556385E-01	  4.0313900E-02
  1.3956741E+03	  9.9065921E-02	 -8.2300246E-01
  1.3972494E+03	  7.9708714E-01	  2.3647819E-01
  1.3988246E+03	 -3.6792011E-01	  7.4837863E-01
  1.4003999E+03	 -6.7803925E-01	 -4.8965845E-01
  1.4019751E+03	  5.9826292E-01	 -5.8797800E-01
  1.4035504E+03	  4.8072516E-01	  6.9052920E-01
  1.4051256E+03	 -7.6364829E-01	  3.5918641E-01
  1.4067009E+03	 -2.2664079E-01	 -8.1546783E-01
  1.4082762E+03	  8.4447781E-01	 -8.6830589E-02
  1.4098514E+03	 -5.6222702E-02	  8.4967484E-01
  1.4114267E+03	 -8.3067558E-01	 -1.9851506E-01
  1.4130019E+03	  3.3609047E-01	 -7.8791701E-01
  1.4145772E+03	  7.2256449E-01	  4.6496651E-01
  1.4161524E+03	 -5.8133297E-01	  6.3629446E-01
  1.4177277E+03	 -5.3133691E-01	 -6.8185108E-01
  1.4193029E+03	  7.6366329E-01	 -4.1060658E-01
  1.4208782E+03	  2.7753584E-01	  8.2428454E-01
  1.4224534E+03	 -8.6176462E-01	  1.3578553E-01
  1.4240287E+03	  1.0766872E-02	 -8.7494339E-01
  1.4256039E+03	  8.6339676E-01	  1.5793780E-01
  1.4271792E+03	 -3.0144741E-01	  8.2725321E-01
  1.4287544E+03	 -7.6728757E-01	 -4.3724236E-01
  1.4303297E+03	  5.6151728E-01	 -6.8510646E-01
  1.4319049E+03	  5.8301191E-01	  6.7061887E-01
  1.4334802E+03	 -7.6124787E-01	  4.6373250E-01
  1.4350555E+03	 -3.3044732E-01	 -8.3076446E-01
  1.4366307E+03	  8.7716737E-01	 -1.8690969E-01
  1.4382060E+03	  3.7242883E-02	  8.9894144E-01
  1.4397812E+03	 -8.9520645E-01	 -1.1438976E-01
  1.4413565E+03	  2.6379871E-01	 -8.6596287E-01
  1.4429317E+03	  8.1199177E-01	  4.0666852E-01
  1.4445070E+03	 -5.3878655E-01	  7.3461745E-01
  1.4460822E+03	 -6.3578127E-01	 -6.5638509E-01
  1.4476575E+03	  7.5614178E-01	 -5.1821411E-01
  1.4492327E+03	  3.8525286E-01	  8.3505134E-01
  1.4508080E+03	 -8.9062520E-01	  2.4052259E-01
  1.4523832E+03	 -8.7948677E-02	 -9.2119397E-01
  1.4539585E+03	  9.2584549E-01	  6.8122428E-02
  1.4555337E+03	 -2.2315984E-01	  9.0422363E-01
  1.4571090E+03	 -8.5665872E-01	 -3.7280927E-01
  1.4586842E+03	  5.1290020E-01	 -7.8439798E-01
  1.4602595E+03	  6.8945725E-01	  6.3932787E-01
  1.4618348E+03	 -7.4829038E-01	  5.7432878E-01
  1.4634100E+03	 -4.4203504E-01	 -8.3664054E-01
  1.4649853E+03	  9.0185632E-01	 -2.9629015E-01
  1.4665605E+03	  1.4127407E-01	  9.4187084E-01
  1.4681358E+03	 -9.5526029E-01	 -1.8730466E-02
  1.4697110E+03	  1.7933133E-01	 -9.4153736E-01
  1.4712863E+03	  9.0104249E-01	  3.3590053E-01
  1.4728615E+03	 -4.8383395E-01	  8.3468701E-01
  1.4744368E+03	 -7.4406203E-01	 -6.1893686E-01
  1.4760120E+03	  7.3741326E-01	 -6.3165429E-01
  1.4775873E+03	  5.0064734E-01	  8.3571764E-01
  1.4791625E+03	 -9.1079306E-01	  3.5457500E-01
  1.4807378E+03	 -1.9736079E-01	 -9.6042342E-01
  1.4823130E+03	  9.8316289E-01	 -3.3472522E-02
  1.4838883E+03	 -1.3234106E-01	  9.7811719E-01
  1.4854635E+03	 -9.4511335E-01	 -2.9545001E-01
  1.4870388E+03	  4.5133382E-01	 -8.8497829E-01
  1.4886141E+03	  7.9937887E-01	  5.9543927E-01
  1.4901893E+03	 -7.2345426E-01	  6.9050659E-01
  1.4917646E+03	 -5.6116524E-01	 -8.3170734E-01
  1.4933398E+03	  9.1712815E-01	 -4.1497240E-01
  1.4949151E+03	  2.5611254E-01	  9.7705994E-01
  1.4964903E+03	 -1.0094885E+00	  8.8941419E-02
  1.4980656E+03	  8.1984372E-02	 -1.0133864E+00
  1.4996408E+03	  9.8859433E-01	  2.5175130E-01
  1.5012161E+03	 -4.1538127E-01	  9.3554655E-01
  1.5027913E+03	 -8.5541815E-01	 -5.6826001E-01
  1.5043666E+03	  7.0611320E-01	 -7.5038611E-01
  1.5059418E+03	  6.2341551E-01	  8.2483924E-01
  1.5075171E+03	 -9.2078634E-01	  4.7788793E-01
  1.5090923E+03	 -3.1766815E-01	 -9.9115444E-01
  1.5106676E+03	  1.0339191E+00	 -1.4729562E-01
  1.5122428E+03	 -2.8303258E-02	  1.0475940E+00
  1.5138181E+03	 -1.0314417E+00	 -2.0425488E-01
  1.5153934E+03	  3.7571047E-01	 -9.8580407E-01
  1.5169686E+03	  9.1193163E-01	  5.3767803E-01
  1.5185439E+03	 -6.8533278E-01	  8.1164622E-01
  1.5201191E+03	 -6.8746409E-01	 -8.1446551E-01
  1.5216944E+03	  9.2143363E-01	 -5.4284148E-01
  1.5232696E+03	  3.8190822E-01	  1.0029546E+00
  1.5248449E+03	 -1.0563775E+00	  2.0903941E-01
  1.5264201E+03	 -2.8910174E-02	 -1.0800806E+00
  1.5279954E+03	  1.0733449E+00	  1.5331581E-01
  1.5295706E+03	 -3.3231031E-01	  1.0360605E+00
  1.5311459E+03	 -9.6891553E-01	 -5.0305274E-01
  1.5327211E+03	  6.6079276E-01	 -8.7370538E-01
  1.5342964E+03	  7.5310703E-01	  8.0086140E-01
  1.5358716E+03	 -9.1898763E-01	  6.1028043E-01
  1.5374469E+03	 -4.4896683E-01	 -1.0117539E+00
  1.5390221E+03	  1.0765128E+00	 -2.7372047E-01
  1.5405974E+03	  8.9596489E-02	  1.1111312E+00
  1.5421727E+03	 -1.1142448E+00	 -9.8327390E-02
  1.5437479E+03	  2.8490351E-01	 -1.0856421E+00
  1.5453232E+03	  1.0260858E+00	  4.6471796E-01
  1.5468984E+03	 -6.3243667E-01	  9.3695347E-01
  1.5484737E+03	 -8.2039875E-01	 -7.8330431E-01
  1.5500489E+03	  9.1308594E-01	 -6.7964391E-01
  1.5516242E+03	  5.1869714E-01	  1.0178406E+00
  1.5531994E+03	 -1.0942354E+00	  3.4189156E-01
  1.5547747E+03	 -1.5396585E-01	 -1.1399995E+00
 1556.349929024	  1.1537931E+00	  3.9710549E-02
  1.5579252E+03	 -2.3348999E-01	  1.1348929E+00
  1.5595004E+03	 -1.0834231E+00	 -4.2196640E-01
  1.5610757E+03	  5.9992322E-01	 -1.0007211E+00
  1.5626509E+03	  8.8909958E-01	  7.6211787E-01
 1564.226193847	 -9.0364024E-01	  7.5142017E-01
  1.5658014E+03	 -5.9122697E-01	 -1.0204244E+00
  1.5673767E+03	  1.1091581E+00	 -4.1302321E-01
  1.5689520E+03	  2.2193637E-01	  1.1670071E+00
  1.5705272E+03	 -1.1919149E+00	  2.3198999E-02
  1.5721025E+03	  1.7778087E-01	 -1.1830469E+00
  1.5736777E+03	  1.1406023E+00	  3.7519128E-01
  1.5752530E+03	 -5.6319946E-01	  1.0654341E+00
