# Impedance of C10-46 
# Measurement for h=21
# Author: G. Favia 
# Freq [Hz]		Re(Z) [Ohm]		Im(Z) [Ohm]
0.000000000000000000e+00 2.848599999999999909e+03 -0.000000000000000000e+00
6.250000000000000000e+04 2.927799999999999869e+01 2.524000000000000057e+02
1.250000000000000000e+05 1.110919999999999952e+01 1.190819999999999936e+02
1.875000000000000000e+05 6.824200000000000266e+00 7.064000000000000057e+01
2.500000000000000000e+05 4.073199999999999932e+00 4.367799999999999727e+01
3.125000000000000000e+05 1.107140000000000013e+00 2.539999999999999858e+01
3.750000000000000000e+05 -2.773800000000000043e+00 1.172959999999999958e+01
4.375000000000000000e+05 -8.066599999999999326e+00 1.347779999999999978e+00
5.000000000000000000e+05 -1.498859999999999992e+01 -5.618999999999999773e+00
5.625000000000000000e+05 -2.284400000000000119e+01 -8.105999999999999872e+00
6.250000000000000000e+05 -2.917399999999999949e+01 -5.355599999999999916e+00
6.875000000000000000e+05 -3.066600000000000037e+01 7.405199999999999561e-01
7.500000000000000000e+05 -2.677799999999999869e+01 5.759800000000000253e+00
8.125000000000000000e+05 -2.059799999999999898e+01 6.908400000000000318e+00
8.750000000000000000e+05 -1.534459999999999980e+01 4.685399999999999565e+00
9.375000000000000000e+05 -1.246579999999999977e+01 9.052599999999999536e-01
1.000000000000000000e+06 -1.214039999999999964e+01 -2.727199999999999847e+00
1.062500000000000000e+06 -1.384720000000000084e+01 -4.804800000000000182e+00
1.125000000000000000e+06 -1.636880000000000024e+01 -4.276600000000000179e+00
1.187500000000000000e+06 -1.780539999999999878e+01 -1.016799999999999926e+00
1.250000000000000000e+06 -1.648320000000000007e+01 3.526400000000000201e+00
1.312500000000000000e+06 -1.239039999999999964e+01 7.002600000000000158e+00
1.375000000000000000e+06 -7.190599999999999881e+00 7.945599999999999774e+00
1.437500000000000000e+06 -2.768200000000000216e+00 6.469800000000000217e+00
1.500000000000000000e+06 -2.743200000000000083e-01 3.587400000000000144e+00
1.562500000000000000e+06 -1.243780000000000024e-01 5.298399999999999777e-01
1.625000000000000000e+06 -2.162399999999999878e+00 -1.450599999999999890e+00
1.687500000000000000e+06 -5.564400000000000013e+00 -1.196939999999999893e+00
1.750000000000000000e+06 -8.717599999999999127e+00 1.849199999999999955e+00
1.812500000000000000e+06 -9.792400000000000659e+00 6.897599999999999731e+00
1.875000000000000000e+06 -8.072599999999999554e+00 1.194660000000000011e+01
1.937500000000000000e+06 -4.514800000000000146e+00 1.521979999999999933e+01
2.000000000000000000e+06 -7.723799999999999555e-01 1.623880000000000123e+01
2.062500000000000000e+06 1.901219999999999910e+00 1.557060000000000066e+01
2.125000000000000000e+06 2.937199999999999811e+00 1.415719999999999956e+01
2.187500000000000000e+06 2.319799999999999862e+00 1.293800000000000061e+01
2.250000000000000000e+06 4.737399999999999944e-01 1.268859999999999921e+01
2.312500000000000000e+06 -1.814279999999999893e+00 1.382900000000000063e+01
2.375000000000000000e+06 -3.651800000000000157e+00 1.620060000000000144e+01
2.437500000000000000e+06 -4.506400000000000183e+00 1.910060000000000002e+01
2.500000000000000000e+06 -4.499200000000000088e+00 2.173999999999999844e+01
2.562500000000000000e+06 -4.199200000000000266e+00 2.374200000000000088e+01
2.625000000000000000e+06 -4.152800000000000047e+00 2.527199999999999847e+01
2.687500000000000000e+06 -4.551199999999999690e+00 2.679599999999999937e+01
2.750000000000000000e+06 -5.141200000000000436e+00 2.876399999999999935e+01
2.812500000000000000e+06 -5.343799999999999883e+00 3.128600000000000136e+01
2.875000000000000000e+06 -4.592399999999999594e+00 3.393999999999999773e+01
2.937500000000000000e+06 -2.783399999999999874e+00 3.589200000000000301e+01
3.000000000000000000e+06 -4.861800000000000010e-01 3.640400000000000347e+01
3.062500000000000000e+06 1.331620000000000026e+00 3.529599999999999937e+01
3.125000000000000000e+06 1.795080000000000009e+00 3.303399999999999892e+01
3.187500000000000000e+06 4.462800000000000100e-01 3.049800000000000111e+01
3.250000000000000000e+06 -2.648400000000000087e+00 2.870599999999999952e+01
3.312500000000000000e+06 -6.864799999999999791e+00 2.857000000000000028e+01
3.375000000000000000e+06 -1.105620000000000047e+01 3.057799999999999940e+01
3.437500000000000000e+06 -1.384559999999999924e+01 3.441599999999999682e+01
3.500000000000000000e+06 -1.427960000000000029e+01 3.885399999999999920e+01
3.562500000000000000e+06 -1.246260000000000012e+01 4.227199999999999847e+01
3.625000000000000000e+06 -9.537200000000000344e+00 4.354999999999999716e+01
3.687500000000000000e+06 -7.006400000000000183e+00 4.258599999999999852e+01
3.750000000000000000e+06 -6.015600000000000058e+00 4.016599999999999682e+01
3.812500000000000000e+06 -7.001599999999999824e+00 3.750200000000000244e+01
3.875000000000000000e+06 -9.648600000000000065e+00 3.578600000000000136e+01
3.937500000000000000e+06 -1.302800000000000047e+01 3.580400000000000205e+01
4.000000000000000000e+06 -1.592880000000000074e+01 3.762599999999999767e+01
4.062500000000000000e+06 -1.736019999999999897e+01 4.056000000000000227e+01
4.125000000000000000e+06 -1.700560000000000116e+01 4.346399999999999864e+01
4.187500000000000000e+06 -1.534220000000000006e+01 4.528399999999999892e+01
4.250000000000000000e+06 -1.337340000000000018e+01 4.552199999999999847e+01
4.312500000000000000e+06 -1.217559999999999931e+01 4.440599999999999881e+01
4.375000000000000000e+06 -1.245780000000000065e+01 4.278399999999999892e+01
4.437500000000000000e+06 -1.424239999999999995e+01 4.178199999999999648e+01
4.500000000000000000e+06 -1.679420000000000002e+01 4.229999999999999716e+01
4.562500000000000000e+06 -1.895619999999999905e+01 4.450800000000000267e+01
4.625000000000000000e+06 -1.978760000000000119e+01 4.775800000000000267e+01
4.687500000000000000e+06 -1.904779999999999873e+01 5.100000000000000000e+01
4.750000000000000000e+06 -1.720100000000000051e+01 5.335999999999999943e+01
4.812500000000000000e+06 -1.507579999999999920e+01 5.447399999999999665e+01
4.875000000000000000e+06 -1.349280000000000079e+01 5.452799999999999869e+01
4.937500000000000000e+06 -1.299339999999999939e+01 5.413000000000000256e+01
5.000000000000000000e+06 -1.365380000000000038e+01 5.409400000000000119e+01
5.062500000000000000e+06 -1.500580000000000069e+01 5.513000000000000256e+01
5.125000000000000000e+06 -1.619099999999999895e+01 5.747399999999999665e+01
5.187500000000000000e+06 -1.639499999999999957e+01 6.070000000000000284e+01
5.250000000000000000e+06 -1.531819999999999915e+01 6.393399999999999750e+01
5.312500000000000000e+06 -1.331840000000000046e+01 6.634799999999999898e+01
5.375000000000000000e+06 -1.116300000000000026e+01 6.756399999999999295e+01
5.437500000000000000e+06 -9.643599999999999284e+00 6.775400000000000489e+01
5.500000000000000000e+06 -9.264400000000000190e+00 6.749800000000000466e+01
5.562500000000000000e+06 -1.007659999999999911e+01 6.753199999999999648e+01
5.625000000000000000e+06 -1.167859999999999943e+01 6.845199999999999818e+01
5.687500000000000000e+06 -1.341319999999999979e+01 7.044799999999999329e+01
5.750000000000000000e+06 -1.469800000000000040e+01 7.325000000000000000e+01
5.812500000000000000e+06 -1.530540000000000056e+01 7.631000000000000227e+01
5.875000000000000000e+06 -1.542500000000000071e+01 7.912600000000000477e+01
5.937500000000000000e+06 -1.550859999999999950e+01 8.148799999999999955e+01
6.000000000000000000e+06 -1.601180000000000092e+01 8.356000000000000227e+01
6.062500000000000000e+06 -1.713719999999999999e+01 8.580400000000000205e+01
6.125000000000000000e+06 -1.867299999999999827e+01 8.873000000000000398e+01
6.187500000000000000e+06 -2.003999999999999915e+01 9.256799999999999784e+01
6.250000000000000000e+06 -2.060000000000000142e+01 9.704000000000000625e+01
6.312500000000000000e+06 -2.006599999999999895e+01 1.014519999999999982e+02
6.375000000000000000e+06 -1.870019999999999882e+01 1.050720000000000027e+02
6.437500000000000000e+06 -1.717980000000000018e+01 1.074920000000000044e+02
6.500000000000000000e+06 -1.629420000000000002e+01 1.088080000000000069e+02
6.562500000000000000e+06 -1.664600000000000080e+01 1.095559999999999974e+02
6.625000000000000000e+06 -1.843280000000000030e+01 1.105600000000000023e+02
6.687500000000000000e+06 -2.132799999999999940e+01 1.126520000000000010e+02
6.750000000000000000e+06 -2.453399999999999892e+01 1.163400000000000034e+02
6.812500000000000000e+06 -2.707799999999999940e+01 1.215439999999999969e+02
6.875000000000000000e+06 -2.823400000000000176e+01 1.275979999999999990e+02
6.937500000000000000e+06 -2.785600000000000165e+01 1.335519999999999925e+02
7.000000000000000000e+06 -2.638800000000000168e+01 1.385980000000000132e+02
7.062500000000000000e+06 -2.465200000000000102e+01 1.423880000000000052e+02
7.125000000000000000e+06 -2.348199999999999932e+01 1.451320000000000050e+02
7.187500000000000000e+06 -2.340200000000000102e+01 1.475039999999999907e+02
7.250000000000000000e+06 -2.440800000000000125e+01 1.503379999999999939e+02
7.312500000000000000e+06 -2.598400000000000176e+01 1.542580000000000098e+02
7.375000000000000000e+06 -2.739399999999999835e+01 1.593899999999999864e+02
7.437500000000000000e+06 -2.807999999999999829e+01 1.653859999999999957e+02
7.500000000000000000e+06 -2.789199999999999946e+01 1.717139999999999986e+02
7.562500000000000000e+06 -2.706800000000000139e+01 1.779559999999999889e+02
7.625000000000000000e+06 -2.602799999999999869e+01 1.840080000000000098e+02
7.687500000000000000e+06 -2.514399999999999835e+01 1.901119999999999948e+02
7.750000000000000000e+06 -2.452599999999999980e+01 1.967580000000000098e+02
7.812500000000000000e+06 -2.387999999999999901e+01 2.044399999999999977e+02
7.875000000000000000e+06 -2.257999999999999829e+01 2.133600000000000136e+02
7.937500000000000000e+06 -1.997800000000000153e+01 2.231999999999999886e+02
8.000000000000000000e+06 -1.579840000000000089e+01 2.332800000000000011e+02
8.062500000000000000e+06 -1.030760000000000076e+01 2.428799999999999955e+02
8.125000000000000000e+06 -4.177999999999999936e+00 2.516399999999999864e+02
8.187500000000000000e+06 1.811099999999999932e+00 2.596999999999999886e+02
8.250000000000000000e+06 7.067000000000000171e+00 2.676800000000000068e+02
8.312500000000000000e+06 1.141140000000000043e+01 2.765000000000000000e+02
8.375000000000000000e+06 1.521180000000000021e+01 2.871000000000000227e+02
8.437500000000000000e+06 1.934440000000000026e+01 3.002200000000000273e+02
8.500000000000000000e+06 2.495799999999999841e+01 3.160400000000000205e+02
8.562500000000000000e+06 3.314800000000000324e+01 3.341999999999999886e+02
8.625000000000000000e+06 4.471200000000000330e+01 3.539599999999999795e+02
8.687500000000000000e+06 6.007200000000000273e+01 3.744599999999999795e+02
8.750000000000000000e+06 7.932800000000000296e+01 3.948199999999999932e+02
8.812500000000000000e+06 1.022980000000000018e+02 4.142799999999999727e+02
8.875000000000000000e+06 1.286100000000000136e+02 4.323399999999999750e+02
8.937500000000000000e+06 1.578660000000000139e+02 4.488799999999999955e+02
9.000000000000000000e+06 1.899900000000000091e+02 4.640799999999999841e+02
9.062500000000000000e+06 2.255000000000000000e+02 4.782200000000000273e+02
9.125000000000000000e+06 2.655799999999999841e+02 4.910199999999999818e+02
9.187500000000000000e+06 3.115799999999999841e+02 5.012799999999999727e+02
9.250000000000000000e+06 3.645600000000000023e+02 5.065400000000000205e+02
9.312500000000000000e+06 4.242599999999999909e+02 5.033399999999999750e+02
9.375000000000000000e+06 4.885000000000000000e+02 4.877599999999999909e+02
9.437500000000000000e+06 5.526000000000000227e+02 4.570199999999999818e+02
9.500000000000000000e+06 6.102999999999999545e+02 4.109399999999999977e+02
9.562500000000000000e+06 6.557799999999999727e+02 3.531200000000000045e+02
9.625000000000000000e+06 6.862400000000000091e+02 2.896800000000000068e+02
9.687500000000000000e+06 7.027200000000000273e+02 2.266200000000000045e+02
9.750000000000000000e+06 7.087200000000000273e+02 1.676500000000000057e+02
9.812500000000000000e+06 7.079800000000000182e+02 1.134899999999999949e+02
9.875000000000000000e+06 7.027599999999999909e+02 6.305199999999999960e+01
9.937500000000000000e+06 6.934400000000000546e+02 1.500939999999999941e+01
1.000000000000000000e+07 6.791200000000000045e+02 -3.082999999999999829e+01
1.006300000000000000e+07 6.591599999999999682e+02 -7.305599999999999739e+01
1.012500000000000000e+07 6.343999999999999773e+02 -1.094320000000000022e+02
1.018800000000000000e+07 6.074400000000000546e+02 -1.384919999999999902e+02
1.025000000000000000e+07 5.816000000000000227e+02 -1.607340000000000089e+02
1.031300000000000000e+07 5.592200000000000273e+02 -1.785579999999999927e+02
1.037500000000000000e+07 5.408600000000000136e+02 -1.952100000000000080e+02
1.043800000000000000e+07 5.250399999999999636e+02 -2.135600000000000023e+02
1.050000000000000000e+07 5.089399999999999977e+02 -2.351200000000000045e+02
1.056300000000000000e+07 4.891999999999999886e+02 -2.592799999999999727e+02
1.062500000000000000e+07 4.634399999999999977e+02 -2.833199999999999932e+02
1.068800000000000000e+07 4.315799999999999841e+02 -3.032799999999999727e+02
1.075000000000000000e+07 3.962799999999999727e+02 -3.160199999999999818e+02
1.081300000000000000e+07 3.615199999999999818e+02 -3.208799999999999955e+02
1.087500000000000000e+07 3.305000000000000000e+02 -3.197200000000000273e+02
1.093800000000000000e+07 3.044800000000000182e+02 -3.155199999999999818e+02
1.100000000000000000e+07 2.828000000000000114e+02 -3.108999999999999773e+02
1.106300000000000000e+07 2.637799999999999727e+02 -3.071800000000000068e+02
1.112500000000000000e+07 2.458000000000000114e+02 -3.044800000000000182e+02
1.118800000000000000e+07 2.277599999999999909e+02 -3.019599999999999795e+02
1.125000000000000000e+07 2.095399999999999920e+02 -2.985600000000000023e+02
1.131300000000000000e+07 1.918619999999999948e+02 -2.935400000000000205e+02
1.137500000000000000e+07 1.756659999999999968e+02 -2.869800000000000182e+02
1.143800000000000000e+07 1.616100000000000136e+02 -2.796800000000000068e+02
1.150000000000000000e+07 1.495860000000000127e+02 -2.727200000000000273e+02
1.156300000000000000e+07 1.387280000000000086e+02 -2.668399999999999750e+02
1.162500000000000000e+07 1.278619999999999948e+02 -2.619800000000000182e+02
1.168800000000000000e+07 1.161779999999999973e+02 -2.571999999999999886e+02
1.175000000000000000e+07 1.037519999999999953e+02 -2.512800000000000011e+02
1.181300000000000000e+07 9.154999999999999716e+01 -2.433400000000000034e+02
1.187500000000000000e+07 8.090000000000000568e+01 -2.333400000000000034e+02
1.193800000000000000e+07 7.284399999999999409e+01 -2.221599999999999966e+02
1.200000000000000000e+07 6.771599999999999397e+01 -2.110800000000000125e+02
1.206300000000000000e+07 6.508599999999999852e+01 -2.013199999999999932e+02
1.212500000000000000e+07 6.394800000000000040e+01 -1.936759999999999877e+02
1.218800000000000000e+07 6.303600000000000136e+01 -1.882920000000000016e+02
1.225000000000000000e+07 6.121999999999999886e+01 -1.845860000000000127e+02
1.231300000000000000e+07 5.790999999999999659e+01 -1.814300000000000068e+02
1.237500000000000000e+07 5.334000000000000341e+01 -1.775819999999999936e+02
1.243800000000000000e+07 4.846999999999999886e+01 -1.722659999999999911e+02
1.250000000000000000e+07 4.448599999999999710e+01 -1.655440000000000111e+02
1.256300000000000000e+07 4.217799999999999727e+01 -1.582100000000000080e+02
1.262500000000000000e+07 4.160600000000000165e+01 -1.513120000000000118e+02
1.268800000000000000e+07 4.219200000000000017e+01 -1.456200000000000045e+02
1.275000000000000000e+07 4.309000000000000341e+01 -1.413480000000000132e+02
1.281300000000000000e+07 4.357999999999999829e+01 -1.381819999999999879e+02
1.287500000000000000e+07 4.333200000000000074e+01 -1.355000000000000000e+02
1.293800000000000000e+07 4.246800000000000352e+01 -1.326879999999999882e+02
1.300000000000000000e+07 4.143999999999999773e+01 -1.294000000000000057e+02
1.306300000000000000e+07 4.078999999999999915e+01 -1.256899999999999977e+02
1.312500000000000000e+07 4.085999999999999943e+01 -1.219839999999999947e+02
1.318800000000000000e+07 4.158599999999999852e+01 -1.188640000000000043e+02
1.325000000000000000e+07 4.246600000000000108e+01 -1.167360000000000042e+02
1.331300000000000000e+07 4.278600000000000136e+01 -1.155280000000000058e+02
1.337500000000000000e+07 4.204399999999999693e+01 -1.146560000000000059e+02
1.343800000000000000e+07 4.027600000000000335e+01 -1.132980000000000018e+02
1.350000000000000000e+07 3.807399999999999807e+01 -1.108719999999999999e+02
1.356300000000000000e+07 3.625800000000000267e+01 -1.073160000000000025e+02
1.362500000000000000e+07 3.549600000000000222e+01 -1.030840000000000032e+02
1.368800000000000000e+07 3.604599999999999937e+01 -9.891800000000000637e+01
1.375000000000000000e+07 3.771200000000000330e+01 -9.556999999999999318e+01
1.381300000000000000e+07 3.989999999999999858e+01 -9.356000000000000227e+01
1.387500000000000000e+07 4.181199999999999761e+01 -9.299599999999999511e+01
1.393800000000000000e+07 4.270199999999999818e+01 -9.350600000000000023e+01
1.400000000000000000e+07 4.217199999999999704e+01 -9.431999999999999318e+01
1.406300000000000000e+07 4.038000000000000256e+01 -9.457399999999999807e+01
1.412500000000000000e+07 3.797800000000000153e+01 -9.370399999999999352e+01
1.418800000000000000e+07 3.579200000000000159e+01 -9.168999999999999773e+01
1.425000000000000000e+07 3.441799999999999926e+01 -8.901600000000000534e+01
1.431300000000000000e+07 3.397200000000000131e+01 -8.636599999999999966e+01
1.437500000000000000e+07 3.413199999999999790e+01 -8.425799999999999557e+01
1.443800000000000000e+07 3.437800000000000011e+01 -8.284600000000000364e+01
1.450000000000000000e+07 3.427799999999999869e+01 -8.190800000000000125e+01
1.456300000000000000e+07 3.368399999999999750e+01 -8.102800000000000580e+01
1.462500000000000000e+07 3.276400000000000290e+01 -7.981999999999999318e+01
1.468800000000000000e+07 3.190200000000000102e+01 -7.812800000000000011e+01
1.475000000000000000e+07 3.149800000000000111e+01 -7.609000000000000341e+01
1.481300000000000000e+07 3.176000000000000156e+01 -7.410599999999999454e+01
1.487500000000000000e+07 3.257800000000000296e+01 -7.264799999999999613e+01
1.493800000000000000e+07 3.351200000000000045e+01 -7.201800000000000068e+01
1.500000000000000000e+07 3.398400000000000176e+01 -7.214799999999999613e+01
1.506300000000000000e+07 3.357999999999999829e+01 -7.256799999999999784e+01
1.512500000000000000e+07 3.229399999999999693e+01 -7.261799999999999500e+01
1.518800000000000000e+07 3.056800000000000139e+01 -7.178799999999999670e+01
1.525000000000000000e+07 2.905600000000000094e+01 -6.996200000000000330e+01
1.531300000000000000e+07 2.832999999999999829e+01 -6.744599999999999795e+01
1.537500000000000000e+07 2.866000000000000014e+01 -6.479999999999999716e+01
1.543800000000000000e+07 2.995599999999999952e+01 -6.261800000000000210e+01
1.550000000000000000e+07 3.182600000000000051e+01 -6.133400000000000318e+01
1.556300000000000000e+07 3.371800000000000352e+01 -6.110000000000000142e+01
1.562500000000000000e+07 3.510000000000000142e+01 -6.175600000000000023e+01
1.568800000000000000e+07 3.560199999999999676e+01 -6.288400000000000034e+01
1.575000000000000000e+07 3.515200000000000102e+01 -6.395400000000000063e+01
1.581300000000000000e+07 3.396200000000000330e+01 -6.450600000000000023e+01
1.587500000000000000e+07 3.244200000000000017e+01 -6.429200000000000159e+01
1.593800000000000000e+07 3.100799999999999912e+01 -6.334799999999999898e+01
1.600000000000000000e+07 2.993400000000000105e+01 -6.189000000000000057e+01
1.606299999999999814e+07 2.929799999999999827e+01 -6.018200000000000216e+01
1.612500000000000000e+07 2.905199999999999960e+01 -5.840599999999999881e+01
1.618799999999999814e+07 2.911599999999999966e+01 -5.664600000000000080e+01
1.625000000000000000e+07 2.945599999999999952e+01 -5.493200000000000216e+01
1.631299999999999814e+07 3.008599999999999852e+01 -5.331600000000000250e+01
1.637500000000000000e+07 3.101000000000000156e+01 -5.190800000000000125e+01
1.643799999999999814e+07 3.215999999999999659e+01 -5.085999999999999943e+01
1.650000000000000000e+07 3.335799999999999699e+01 -5.030599999999999739e+01
1.656299999999999814e+07 3.433599999999999852e+01 -5.027199999999999847e+01
1.662500000000000000e+07 3.481400000000000006e+01 -5.061599999999999966e+01
1.668799999999999814e+07 3.461999999999999744e+01 -5.104599999999999937e+01
1.675000000000000000e+07 3.376599999999999824e+01 -5.119400000000000261e+01
1.681300000000000000e+07 3.247200000000000131e+01 -5.075600000000000023e+01
1.687500000000000000e+07 3.108399999999999963e+01 -4.959000000000000341e+01
1.693800000000000000e+07 2.995599999999999952e+01 -4.776599999999999824e+01
1.700000000000000000e+07 2.932799999999999940e+01 -4.551400000000000290e+01
1.706300000000000000e+07 2.925600000000000023e+01 -4.311200000000000188e+01
1.712500000000000000e+07 2.966199999999999903e+01 -4.075399999999999778e+01
1.718800000000000000e+07 3.043599999999999994e+01 -3.850200000000000244e+01
1.725000000000000000e+07 3.155199999999999960e+01 -3.634000000000000341e+01
1.731300000000000000e+07 3.309000000000000341e+01 -3.427600000000000335e+01
1.737500000000000000e+07 3.518200000000000216e+01 -3.242999999999999972e+01
1.743800000000000000e+07 3.791400000000000148e+01 -3.108399999999999963e+01
1.750000000000000000e+07 4.118800000000000239e+01 -3.064199999999999946e+01
1.756300000000000000e+07 4.460000000000000142e+01 -3.151599999999999824e+01
1.762500000000000000e+07 4.741599999999999682e+01 -3.384000000000000341e+01
1.768800000000000000e+07 4.881000000000000227e+01 -3.719800000000000040e+01
1.775000000000000000e+07 4.837800000000000011e+01 -4.061999999999999744e+01
1.781300000000000000e+07 4.645799999999999841e+01 -4.306600000000000250e+01
1.787500000000000000e+07 4.395199999999999818e+01 -4.397800000000000153e+01
1.793800000000000000e+07 4.180799999999999983e+01 -4.346999999999999886e+01
1.800000000000000000e+07 4.064999999999999858e+01 -4.210399999999999920e+01
1.806300000000000000e+07 4.067199999999999704e+01 -4.059599999999999653e+01
1.812500000000000000e+07 4.167600000000000193e+01 -3.960000000000000142e+01
1.818800000000000000e+07 4.315599999999999881e+01 -3.954200000000000159e+01
1.825000000000000000e+07 4.445400000000000063e+01 -4.046999999999999886e+01
1.831300000000000000e+07 4.501200000000000045e+01 -4.200999999999999801e+01
1.837500000000000000e+07 4.465200000000000102e+01 -4.349199999999999733e+01
1.843800000000000000e+07 4.368999999999999773e+01 -4.429800000000000182e+01
1.850000000000000000e+07 4.277400000000000091e+01 -4.417199999999999704e+01
1.856300000000000000e+07 4.256000000000000227e+01 -4.333400000000000318e+01
1.862500000000000000e+07 4.342000000000000171e+01 -4.236200000000000188e+01
1.868800000000000000e+07 4.531000000000000227e+01 -4.193200000000000216e+01
1.875000000000000000e+07 4.779399999999999693e+01 -4.256000000000000227e+01
1.881300000000000000e+07 5.023799999999999955e+01 -4.439999999999999858e+01
1.887500000000000000e+07 5.207999999999999829e+01 -4.721399999999999864e+01
1.893800000000000000e+07 5.305799999999999983e+01 -5.053399999999999892e+01
1.900000000000000000e+07 5.324199999999999733e+01 -5.392799999999999727e+01
1.906300000000000000e+07 5.288000000000000256e+01 -5.718999999999999773e+01
1.912500000000000000e+07 5.219200000000000017e+01 -6.034599999999999653e+01
1.918800000000000000e+07 5.123400000000000176e+01 -6.354999999999999716e+01
1.925000000000000000e+07 4.986999999999999744e+01 -6.691599999999999682e+01
1.931300000000000000e+07 4.786399999999999721e+01 -7.038599999999999568e+01
1.937500000000000000e+07 4.504599999999999937e+01 -7.370199999999999818e+01
1.943800000000000000e+07 4.146600000000000108e+01 -7.649800000000000466e+01
1.950000000000000000e+07 3.740400000000000347e+01 -7.851600000000000534e+01
1.956300000000000000e+07 3.324199999999999733e+01 -7.973600000000000421e+01
1.962500000000000000e+07 2.925000000000000000e+01 -8.039199999999999591e+01
1.968800000000000000e+07 2.544600000000000151e+01 -8.081199999999999761e+01
1.975000000000000000e+07 2.159400000000000119e+01 -8.120600000000000307e+01
1.981300000000000000e+07 1.736420000000000030e+01 -8.152200000000000557e+01
1.987500000000000000e+07 1.255519999999999925e+01 -8.144799999999999329e+01
1.993800000000000000e+07 7.238599999999999923e+00 -8.057599999999999341e+01
2.000000000000000000e+07 1.744720000000000049e+00 -7.861599999999999966e+01
2.006300000000000000e+07 -3.484799999999999898e+00 -7.551999999999999602e+01
2.012500000000000000e+07 -8.061799999999999855e+00 -7.147599999999999909e+01
2.018800000000000000e+07 -1.175799999999999912e+01 -6.682399999999999807e+01
2.025000000000000000e+07 -1.455320000000000036e+01 -6.194599999999999795e+01
2.031300000000000000e+07 -1.663220000000000098e+01 -5.714999999999999858e+01
2.037500000000000000e+07 -1.830219999999999914e+01 -5.253199999999999648e+01
2.043800000000000000e+07 -1.980440000000000111e+01 -4.792999999999999972e+01
2.050000000000000000e+07 -2.112999999999999901e+01 -4.305599999999999739e+01
2.056300000000000000e+07 -2.200400000000000134e+01 -3.773599999999999710e+01
2.062500000000000000e+07 -2.205399999999999849e+01 -3.203999999999999915e+01
2.068800000000000000e+07 -2.098199999999999932e+01 -2.628399999999999892e+01
2.075000000000000000e+07 -1.865299999999999869e+01 -2.095799999999999841e+01
2.081300000000000000e+07 -1.519539999999999935e+01 -1.665780000000000172e+01
2.087500000000000000e+07 -1.110319999999999929e+01 -1.396739999999999959e+01
2.093800000000000000e+07 -7.302999999999999936e+00 -1.317939999999999934e+01
2.100000000000000000e+07 -4.934400000000000119e+00 -1.389600000000000080e+01
2.106300000000000000e+07 -4.714000000000000412e+00 -1.488679999999999914e+01
2.112500000000000000e+07 -6.304599999999999760e+00 -1.462579999999999991e+01
2.118800000000000000e+07 -8.400199999999999889e+00 -1.219759999999999955e+01
2.125000000000000000e+07 -9.467599999999999127e+00 -7.740800000000000125e+00
2.131300000000000000e+07 -8.415200000000000458e+00 -2.224600000000000133e+00
2.137500000000000000e+07 -4.865199999999999747e+00 2.979999999999999982e+00
2.143800000000000000e+07 7.729800000000000004e-01 6.465600000000000236e+00
2.150000000000000000e+07 7.300600000000000200e+00 7.194200000000000372e+00
2.156300000000000000e+07 1.298179999999999978e+01 5.007600000000000051e+00
2.162500000000000000e+07 1.624940000000000140e+01 9.344200000000000284e-01
2.168800000000000000e+07 1.655359999999999943e+01 -3.181400000000000006e+00
2.175000000000000000e+07 1.464160000000000039e+01 -5.619200000000000195e+00
2.181300000000000000e+07 1.207259999999999955e+01 -5.549400000000000333e+00
2.187500000000000000e+07 1.048900000000000077e+01 -3.204200000000000159e+00
2.193800000000000000e+07 1.109559999999999924e+01 3.266399999999999859e-01
2.200000000000000000e+07 1.429279999999999973e+01 3.387199999999999989e+00
2.206300000000000000e+07 1.932460000000000022e+01 4.237400000000000055e+00
2.212500000000000000e+07 2.424599999999999866e+01 1.964979999999999949e+00
2.218800000000000000e+07 2.685399999999999920e+01 -2.624800000000000022e+00
2.225000000000000000e+07 2.621600000000000108e+01 -7.331999999999999851e+00
2.231300000000000000e+07 2.321399999999999864e+01 -1.010219999999999985e+01
2.237500000000000000e+07 1.963560000000000016e+01 -1.014000000000000057e+01
2.243800000000000000e+07 1.710419999999999874e+01 -7.842999999999999972e+00
2.250000000000000000e+07 1.662740000000000151e+01 -4.273600000000000065e+00
2.256300000000000000e+07 1.853640000000000043e+01 -7.780799999999999939e-01
2.262500000000000000e+07 2.243199999999999861e+01 1.268480000000000052e+00
2.268800000000000000e+07 2.712199999999999989e+01 8.475599999999999801e-01
2.275000000000000000e+07 3.088800000000000168e+01 -2.140200000000000102e+00
2.281300000000000000e+07 3.227000000000000313e+01 -6.586199999999999832e+00
2.287500000000000000e+07 3.092999999999999972e+01 -1.069079999999999941e+01
2.293800000000000000e+07 2.775000000000000000e+01 -1.298579999999999934e+01
2.300000000000000000e+07 2.416400000000000148e+01 -1.296199999999999974e+01
2.306300000000000000e+07 2.144200000000000017e+01 -1.100459999999999994e+01
2.312500000000000000e+07 2.033200000000000074e+01 -8.025399999999999423e+00
2.318800000000000000e+07 2.094399999999999906e+01 -5.103200000000000180e+00
2.325000000000000000e+07 2.277400000000000091e+01 -3.146399999999999864e+00
2.331300000000000000e+07 2.489600000000000080e+01 -2.538199999999999790e+00
2.337500000000000000e+07 2.640599999999999881e+01 -2.948799999999999866e+00
2.343800000000000000e+07 2.694600000000000151e+01 -3.566199999999999815e+00
2.350000000000000000e+07 2.683800000000000097e+01 -3.648000000000000131e+00
2.356300000000000000e+07 2.679400000000000048e+01 -2.957199999999999829e+00
2.362500000000000000e+07 2.744600000000000151e+01 -1.825339999999999963e+00
2.368800000000000000e+07 2.902599999999999980e+01 -9.374200000000000310e-01
2.375000000000000000e+07 3.123199999999999932e+01 -9.881400000000000183e-01
2.381300000000000000e+07 3.332999999999999829e+01 -2.317400000000000126e+00
2.387500000000000000e+07 3.450399999999999778e+01 -4.678600000000000314e+00
2.393800000000000000e+07 3.430199999999999960e+01 -7.330400000000000027e+00
2.400000000000000000e+07 3.286599999999999966e+01 -9.434799999999999187e+00
2.406300000000000000e+07 3.080600000000000094e+01 -1.047359999999999935e+01
2.412500000000000000e+07 2.886400000000000077e+01 -1.042680000000000007e+01
2.418800000000000000e+07 2.757799999999999940e+01 -9.697599999999999554e+00
2.425000000000000000e+07 2.710800000000000054e+01 -8.891999999999999460e+00
2.431300000000000000e+07 2.717999999999999972e+01 -8.530599999999999739e+00
2.437500000000000000e+07 2.726599999999999824e+01 -8.777599999999999625e+00
2.443800000000000000e+07 2.690399999999999991e+01 -9.351200000000000401e+00
2.450000000000000000e+07 2.601399999999999935e+01 -9.722599999999999909e+00
2.456300000000000000e+07 2.494600000000000151e+01 -9.469200000000000728e+00
2.462500000000000000e+07 2.427199999999999847e+01 -8.529600000000000293e+00
2.468800000000000000e+07 2.451399999999999935e+01 -7.264800000000000146e+00
2.475000000000000000e+07 2.587600000000000122e+01 -6.369600000000000151e+00
2.481300000000000000e+07 2.803200000000000003e+01 -6.636800000000000033e+00
2.487500000000000000e+07 3.007400000000000162e+01 -8.535000000000000142e+00
2.493800000000000000e+07 3.085200000000000031e+01 -1.174859999999999971e+01
