# Impedance of C40-78 
# Measurement for 24 bunches
# Authors: G. Favia, A. Lasheen
# f_r [Hz]	Abs(Z)[Ohm]
3.099300000000000000e+07 9.440311421195606556e+01
3.146900000000000000e+07 6.005822663205467649e+01
3.194600000000000000e+07 1.219242908362234488e+02
3.242300000000000000e+07 8.492992100548799783e+01
3.290000000000000000e+07 8.355763521718087361e+01
3.337000000000000000e+07 3.489852293208104470e+02
3.385400000000000000e+07 6.370815688314476688e+01
3.433000000000000000e+07 9.429279681928926493e+01
3.480700000000000000e+07 1.210750147346330294e+02
3.528400000000000000e+07 1.355344668409812812e+02
3.576100000000000000e+07 1.845519513051620208e+02
3.623800000000000000e+07 1.610150303740589379e+02
3.671400000000000000e+07 1.895140206355295902e+02
3.719100000000000000e+07 3.625410644134218501e+02
3.766800000000000000e+07 4.275009622714974853e+02
3.814500000000000000e+07 4.381294110143089711e+02
3.862200000000000000e+07 6.085725681374382248e+02
3.909800000000000000e+07 6.596767249312158583e+02
3.957500000000000000e+07 2.447539227460774327e+03
4.005200000000000000e+07 5.563228873972635483e+03
4.052900000000000000e+07 2.581481907294038592e+03
4.100600000000000000e+07 7.879565362226337584e+02
4.148200000000000000e+07 4.447093281380363123e+02
4.195900000000000000e+07 3.740943917047019340e+02
4.243600000000000000e+07 3.990232122205634937e+02
4.291300000000000000e+07 3.875359762601926832e+02
4.348200000000000000e+07 3.779489830453871377e+02
4.386700000000000000e+07 2.199522606499232324e+02
4.434300000000000000e+07 2.672539260815188982e+02
4.482000000000000000e+07 2.606017874962590781e+02
4.529700000000000000e+07 2.064065251227460749e+02
4.577400000000000000e+07 1.718595962392914771e+02
4.625100000000000000e+07 1.281280694424206956e+02
4.682700000000000000e+07 1.605653145744792880e+02
4.720400000000000000e+07 1.388000345528533330e+02
4.768100000000000000e+07 1.455026996218375359e+02
4.825500000000000000e+07 1.663192416931858872e+02
4.863500000000000000e+07 1.027891242913032528e+02
4.911200000000000000e+07 9.536258729352400110e+01
