# Impedance of C40-78 
# Measurement for 60 bunches
# Authors: G. Favia, A. Lasheen
# f_r [Hz]	Abs(Z)[Ohm]
3.099300000000000000e+07 7.550807039884476524e+01
3.149000000000000000e+07 2.942916385862204720e+02
3.190900000000000000e+07 6.547014493053207218e+01
3.242300000000000000e+07 8.851630370766574174e+01
3.290000000000000000e+07 9.345854400424614994e+01
3.320800000000000000e+07 2.849361757560999422e+02
3.385400000000000000e+07 6.962538547796654598e+01
3.433000000000000000e+07 1.044885171999754334e+02
3.490500000000000000e+07 1.522294486665730062e+02
3.528400000000000000e+07 1.535370538354991083e+02
3.576100000000000000e+07 1.750337478418895785e+02
3.623800000000000000e+07 1.584064242804962532e+02
3.671400000000000000e+07 2.504346307329558385e+02
3.719100000000000000e+07 3.831758059011799560e+02
3.766800000000000000e+07 4.695416487141604307e+02
3.814500000000000000e+07 5.928836264275632857e+02
3.862200000000000000e+07 4.417682208085614093e+02
3.909800000000000000e+07 1.043568299655036071e+03
3.957500000000000000e+07 3.987555866919586151e+03
4.005200000000000000e+07 4.344864587178193688e+03
4.052900000000000000e+07 3.827175689836003585e+03
4.100600000000000000e+07 1.423799624246652456e+03
4.148200000000000000e+07 7.019470707433932830e+02
4.195900000000000000e+07 4.589941347510105061e+02
4.243600000000000000e+07 4.615765657570335065e+02
4.291300000000000000e+07 3.600707422704118699e+02
4.339000000000000000e+07 3.709944332046712816e+02
4.386700000000000000e+07 2.490480634382237781e+02
4.434300000000000000e+07 2.520833779600287130e+02
4.482000000000000000e+07 2.919161483845135194e+02
4.529700000000000000e+07 2.195578234629182930e+02
4.577400000000000000e+07 1.755527557504357787e+02
4.625100000000000000e+07 1.401888334533544764e+02
4.672700000000000000e+07 1.504392182782131897e+02
4.730200000000000000e+07 1.523854160946238210e+02
4.768100000000000000e+07 1.250687043183400391e+02
4.825500000000000000e+07 1.691568424449006613e+02
4.863500000000000000e+07 1.574340801167369364e+02
4.911200000000000000e+07 9.670798059751270159e+01
