# Impedance of C40-78 
# Measurement for 72 bunches
# Authors: G. Favia, A. Lasheen
# f_r [Hz]	Abs(Z)[Ohm]
3.099300000000000000e+07 1.015718422306674285e+02
3.125000000000000000e+07 9.162346984447013654e+01
3.194600000000000000e+07 6.886563875770974619e+01
3.242300000000000000e+07 7.774901275183994187e+01
3.290000000000000000e+07 8.498320303397171926e+01
3.355100000000000000e+07 9.349452935517146557e+01
3.385300000000000000e+07 8.379975558635561583e+01
3.433000000000000000e+07 9.652006451885591787e+01
3.480700000000000000e+07 1.440066173504123981e+02
3.528400000000000000e+07 1.531337963166618010e+02
3.576100000000000000e+07 1.834606690993940390e+02
3.623800000000000000e+07 1.646731663791987899e+02
3.671400000000000000e+07 2.483891689955949005e+02
3.719100000000000000e+07 4.014167881458773195e+02
3.766800000000000000e+07 4.359626242157428351e+02
3.814500000000000000e+07 4.628392144942135928e+02
3.862200000000000000e+07 4.844941102960129342e+02
3.909800000000000000e+07 9.444866083449167036e+02
3.957500000000000000e+07 5.628147721051218468e+03
4.005200000000000000e+07 4.244499643479562110e+03
4.052900000000000000e+07 5.068466040385392262e+03
4.100600000000000000e+07 1.255899009687365606e+03
4.148200000000000000e+07 4.425845220699721949e+02
4.195900000000000000e+07 3.991415643451325650e+02
4.243600000000000000e+07 3.761316098942121471e+02
4.291300000000000000e+07 3.656280772840290751e+02
4.339000000000000000e+07 3.006047552361757766e+02
4.386700000000000000e+07 2.608920178312492340e+02
4.434300000000000000e+07 2.623613412160237885e+02
4.482000000000000000e+07 2.488545781415715226e+02
4.529700000000000000e+07 2.216373433500527028e+02
4.577400000000000000e+07 1.920937594985355474e+02
4.625100000000000000e+07 1.212072857119831326e+02
4.672700000000000000e+07 1.389823424161209005e+02
4.720400000000000000e+07 1.344505096162010886e+02
4.768100000000000000e+07 1.269548987946851213e+02
4.815800000000000000e+07 1.397661977717966977e+02
4.863500000000000000e+07 1.233022713271468689e+02
4.911100000000000000e+07 1.098138116385260474e+02
