# Impedance of C40-78 
# Measurement for 48 bunches
# Authors: G. Favia, A. Lasheen
# f_r [Hz]	Abs(Z)[Ohm]
3.109500000000000000e+07 1.024981131011760311e+02
3.146900000000000000e+07 7.122651241100795971e+01
3.194600000000000000e+07 5.325851928223495690e+01
3.242300000000000000e+07 1.121039231193381198e+02
3.290000000000000000e+07 9.519486236344599206e+01
3.347400000000000000e+07 2.448516111524406824e+02
3.385400000000000000e+07 6.269978463525869472e+01
3.442900000000000000e+07 2.326392325244793540e+02
3.480700000000000000e+07 1.326369707087843892e+02
3.528400000000000000e+07 1.471218755590415981e+02
3.576100000000000000e+07 1.831634449902030610e+02
3.623800000000000000e+07 1.709731093242615430e+02
3.671400000000000000e+07 2.791916144626429173e+02
3.719100000000000000e+07 3.659883316210237467e+02
3.766800000000000000e+07 4.031973934929366692e+02
3.814500000000000000e+07 4.627666040825184837e+02
3.862200000000000000e+07 5.379006011149568849e+02
3.909800000000000000e+07 1.238932241298814233e+03
3.957500000000000000e+07 3.206804520755008525e+03
4.005200000000000000e+07 4.475560952921146054e+03
4.052900000000000000e+07 3.249856394882690438e+03
4.100600000000000000e+07 2.259330743461788643e+03
4.148200000000000000e+07 3.669288999607928190e+02
4.195900000000000000e+07 3.822786132100065402e+02
4.243600000000000000e+07 4.189231013176526517e+02
4.291300000000000000e+07 3.684608084765661147e+02
4.339000000000000000e+07 4.847797088279208992e+02
4.386700000000000000e+07 2.492261195363473121e+02
4.434300000000000000e+07 2.667073434978860291e+02
4.482000000000000000e+07 2.649460671999746069e+02
4.529700000000000000e+07 2.107489251672884905e+02
4.577400000000000000e+07 1.748258930074505884e+02
4.625100000000000000e+07 1.233311721853043821e+02
4.672700000000000000e+07 1.331600958766819645e+02
4.720400000000000000e+07 1.370006087809878181e+02
4.777800000000000000e+07 2.994385191583759820e+02
4.815800000000000000e+07 1.283900868750098709e+02
4.863500000000000000e+07 1.329691909860042358e+02
4.911100000000000000e+07 1.314803538860357435e+02
