# Impedance of C40-78 
# Measurement for 36 bunches
# Authors: G. Favia, A. Lasheen
# f_r [Hz]	Abs(Z)[Ohm]
3.099300000000000000e+07 7.644817111078961602e+01
3.146900000000000000e+07 8.099118253640857290e+01
3.194600000000000000e+07 7.026227197942488090e+01
3.239600000000000000e+07 1.268459017045669128e+02
3.290000000000000000e+07 1.010391265560429019e+02
3.347400000000000000e+07 2.113649066157042284e+02
3.385400000000000000e+07 6.886667423203519434e+01
3.433000000000000000e+07 1.081097755905080788e+02
3.480700000000000000e+07 1.152475532323362728e+02
3.528400000000000000e+07 1.432685300242023061e+02
3.576100000000000000e+07 1.636669399078396623e+02
3.623800000000000000e+07 1.688720849453787878e+02
3.671400000000000000e+07 2.180347685864063862e+02
3.719100000000000000e+07 3.741790061001971708e+02
3.766800000000000000e+07 4.251935192118733653e+02
3.814500000000000000e+07 4.679754976041606369e+02
3.862200000000000000e+07 4.429969625393210322e+02
3.909800000000000000e+07 1.840530787969682649e+02
3.957500000000000000e+07 2.755114757654848745e+03
4.005200000000000000e+07 4.852153655639401222e+03
4.052900000000000000e+07 2.868992378026854112e+03
4.100600000000000000e+07 2.970425547702212725e+02
4.148200000000000000e+07 3.435263573211745438e+02
4.195900000000000000e+07 4.451237544500531271e+02
4.243600000000000000e+07 4.121435820653215387e+02
4.291300000000000000e+07 3.884677827507392749e+02
4.339000000000000000e+07 3.015510993314130133e+02
4.386700000000000000e+07 2.355025385071492678e+02
4.434300000000000000e+07 2.555512792390939865e+02
4.482000000000000000e+07 2.387436500269652697e+02
4.529700000000000000e+07 2.083106466126747591e+02
4.577400000000000000e+07 1.520024135125899818e+02
4.625100000000000000e+07 1.223881684938624943e+02
4.672800000000000000e+07 1.078519579584555430e+02
4.720400000000000000e+07 1.347718421123367705e+02
4.777900000000000000e+07 1.681114261480637424e+02
4.815800000000000000e+07 1.211600896454587968e+02
4.863500000000000000e+07 1.269916763197420693e+02
4.911200000000000000e+07 1.037345560161385407e+02
