# Impedance of C40-78 
# Measurement for 12 bunches
# Authors: G. Favia, A. Lasheen
# f_r [Hz]	Abs(Z)[Ohm]
3.099300000000000000e+07 6.737786879281689778e+01
3.147000000000000000e+07 4.774299197616574730e+01
3.194600000000000000e+07 7.412195281776170930e+01
3.242300000000000000e+07 9.341093098552255469e+01
3.290000000000000000e+07 7.746407713019692665e+01
3.341300000000000000e+07 2.197519394846393368e+02
3.385300000000000000e+07 7.909624720249122731e+01
3.433000000000000000e+07 7.442281576874667337e+01
3.480700000000000000e+07 1.149481193166416659e+02
3.528400000000000000e+07 1.377492448999017540e+02
3.576100000000000000e+07 1.680436334074374543e+02
3.623800000000000000e+07 1.622668082635923383e+02
3.671400000000000000e+07 2.023158152693281977e+02
3.719100000000000000e+07 3.438016661993670482e+02
3.766800000000000000e+07 4.034407814682078879e+02
3.814500000000000000e+07 4.442434227110426264e+02
3.862200000000000000e+07 4.946037227417663189e+02
3.909800000000000000e+07 7.996370156519103602e+02
3.957500000000000000e+07 2.065430830885930391e+03
4.005200000000000000e+07 7.539231420216474362e+03
4.052900000000000000e+07 2.173389093798742579e+03
4.100600000000000000e+07 8.797400686966491321e+02
4.148200000000000000e+07 4.048713978420710760e+02
4.195900000000000000e+07 3.923778527661065709e+02
4.243600000000000000e+07 3.857953052118275536e+02
4.291300000000000000e+07 3.640779253214591904e+02
4.339000000000000000e+07 4.759744085661565123e+02
4.386700000000000000e+07 2.333076803621054012e+02
4.434300000000000000e+07 2.528208947477208426e+02
4.482000000000000000e+07 2.398546403495023185e+02
4.529700000000000000e+07 2.056140275754312370e+02
4.577400000000000000e+07 1.698862748269177416e+02
4.625100000000000000e+07 1.309920828903435677e+02
4.668700000000000000e+07 4.559414733763103982e+02
4.720400000000000000e+07 1.598839217245622422e+02
4.768100000000000000e+07 1.403998272883921459e+02
4.815800000000000000e+07 1.272706992714570049e+02
4.863500000000000000e+07 1.053005985249687626e+02
4.911200000000000000e+07 7.873626250575502183e+01
