# Impedance of C80-89 
# Measurement for 24 bunches, cavity tuned on h=169 for Xe39+
# Authors: G. Favia, A. Lasheen
# f_r [Hz]	Abs(Z)[Ohm]
7.104500000000000000e+07 2.636638917220965936e+02
7.152200000000000000e+07 2.443908403796613129e+02
7.199900000000000000e+07 4.006747930094836079e+02
7.247500000000000000e+07 3.290408786275947932e+02
7.295200000000000000e+07 3.074263557581094233e+02
7.354700000000000000e+07 2.599947831067888160e+02
7.390600000000000000e+07 3.050591377606228889e+02
7.438200000000000000e+07 2.540577414180490905e+02
7.485900000000000000e+07 3.873509297440888304e+02
7.533600000000000000e+07 4.270847397770403973e+02
7.581300000000000000e+07 5.290981224014005875e+02
7.629000000000000000e+07 4.983420997246981869e+02
7.676600000000000000e+07 4.110655863704977833e+02
7.724300000000000000e+07 9.415658108143868503e+02
7.772000000000000000e+07 1.343191200792230347e+03
7.819700000000000000e+07 2.203952234582327037e+03
7.867400000000000000e+07 1.921441778195171537e+03
7.915100000000000000e+07 3.762115870913365143e+03
7.962700000000000000e+07 9.872371290997381948e+03
8.010400000000000000e+07 8.831169647277389231e+03
8.058100000000000000e+07 4.779304983122350677e+03
8.105800000000000000e+07 2.662837043661120788e+03
8.153500000000000000e+07 1.413498494508176464e+03
8.201100000000000000e+07 1.071548456686260351e+03
8.248800000000000000e+07 1.005259790648931244e+03
8.296500000000000000e+07 8.982702034063145220e+02
8.344200000000000000e+07 9.808421101834525189e+02
8.391900000000000000e+07 5.471601138086264200e+02
8.439500000000000000e+07 5.429083206153253514e+02
8.487200000000000000e+07 6.799319893000243837e+02
8.534900000000000000e+07 7.388296412369501240e+02
8.582600000000000000e+07 5.633948625130335586e+02
8.630300000000000000e+07 4.315335839640581526e+02
8.678000000000000000e+07 2.723070364425294088e+02
8.725600000000000000e+07 3.034234354581718094e+02
8.773300000000000000e+07 3.472960903205814134e+02
8.821000000000000000e+07 3.772964215192693587e+02
8.868700000000000000e+07 4.234133030914516098e+02
8.916400000000000000e+07 2.759669319835550141e+02
