# Impedance of C80-89 
# Measurement for 36 bunches, cavity tuned on h=169 for Xe39+
# Authors: G. Favia, A. Lasheen
# f_r [Hz]	Abs(Z)[Ohm]
7.104500000000000000e+07 1.911709424381571694e+02
7.152100000000000000e+07 2.634535001733369199e+02
7.199800000000000000e+07 2.853717667806253644e+02
7.257400000000000000e+07 5.263556988961109937e+02
7.295200000000000000e+07 3.818218604488617416e+02
7.334500000000000000e+07 2.034173526035038435e+02
7.390600000000000000e+07 2.920036133464355430e+02
7.438200000000000000e+07 3.047575877670026898e+02
7.485900000000000000e+07 3.614050900199873695e+02
7.533600000000000000e+07 4.985086671083097372e+02
7.581300000000000000e+07 4.796843802662762641e+02
7.629000000000000000e+07 5.519740953958074670e+02
7.676600000000000000e+07 5.509657857840134056e+02
7.724300000000000000e+07 8.441689662315802707e+02
7.772000000000000000e+07 1.343208565561461455e+03
7.819700000000000000e+07 1.732539850611572319e+03
7.867400000000000000e+07 2.711317790617860737e+03
7.915100000000000000e+07 7.786671074689848865e+03
7.962700000000000000e+07 1.009506614784656813e+04
8.010400000000000000e+07 8.430949317138334663e+03
8.058100000000000000e+07 4.899270512358919405e+03
8.105800000000000000e+07 2.892610895013089248e+03
8.153500000000000000e+07 1.332675741430685775e+03
8.201100000000000000e+07 1.097692106941883139e+03
8.248800000000000000e+07 1.080305730779897885e+03
8.296500000000000000e+07 8.551185417638613444e+02
8.344200000000000000e+07 8.732420241666860647e+02
8.391900000000000000e+07 5.890658391977042356e+02
8.439500000000000000e+07 5.934347015731360671e+02
8.487200000000000000e+07 6.928450948116737891e+02
8.534900000000000000e+07 7.223796357964052959e+02
8.572600000000000000e+07 4.043050371345314602e+02
8.630300000000000000e+07 4.122084208352103474e+02
8.677900000000000000e+07 2.473955015279729537e+02
8.725600000000000000e+07 3.906868561371910005e+02
8.773300000000000000e+07 3.431652146890845643e+02
8.821000000000000000e+07 3.924117470388274000e+02
8.868700000000000000e+07 3.178988065851063425e+02
8.916400000000000000e+07 4.557872287037933461e+02
