# Impedance of C80-89 
# Measurement for 48 bunches, cavity tuned on h=169 for Xe39+
# Authors: G. Favia, A. Lasheen
# f_r [Hz]	Abs(Z)[Ohm]
7.107600000000000000e+07 1.903991152778991420e+02
7.152100000000000000e+07 1.832766134686993098e+02
7.199800000000000000e+07 2.440075886021080862e+02
7.247500000000000000e+07 3.299205224987901488e+02
7.295200000000000000e+07 3.623638623187246708e+02
7.342900000000000000e+07 3.482744531280894194e+02
7.390600000000000000e+07 2.926967674579734080e+02
7.426900000000000000e+07 3.186443997436558675e+02
7.485900000000000000e+07 3.996906233050147534e+02
7.533600000000000000e+07 4.811115411436210820e+02
7.581300000000000000e+07 5.652647473590782283e+02
7.629000000000000000e+07 5.626171051526230258e+02
7.676600000000000000e+07 5.143486750952600914e+02
7.724300000000000000e+07 8.884471291948017324e+02
7.772000000000000000e+07 1.123899352959835596e+03
7.819700000000000000e+07 2.075627166822759591e+03
7.867400000000000000e+07 2.342242265724200479e+03
7.915000000000000000e+07 2.691235228774391999e+03
7.962700000000000000e+07 9.954846652536758484e+03
8.010400000000000000e+07 8.185855163314427955e+03
8.058100000000000000e+07 4.820715716390907801e+03
8.105800000000000000e+07 2.561179694434627891e+03
8.153500000000000000e+07 1.353582262620434676e+03
8.201100000000000000e+07 9.071505755753178164e+02
8.248800000000000000e+07 1.032201154123802780e+03
8.296500000000000000e+07 8.654920229662548081e+02
8.344200000000000000e+07 7.588324289224574386e+02
8.391900000000000000e+07 6.317763041326443272e+02
8.439600000000000000e+07 6.006770430020166032e+02
8.487200000000000000e+07 6.387163516176333360e+02
8.534900000000000000e+07 6.989475235140108680e+02
8.582600000000000000e+07 5.747398392424936446e+02
8.630300000000000000e+07 4.426609212722413531e+02
8.677900000000000000e+07 2.950796221537268025e+02
8.725600000000000000e+07 3.475955612245526254e+02
8.749600000000000000e+07 6.424035479925806840e+02
8.821000000000000000e+07 3.703770391550359022e+02
8.868700000000000000e+07 3.069013645695225136e+02
8.916400000000000000e+07 3.016858044719424470e+02
