# Impedance of C80-89 
# Measurement for 12 bunches, cavity tuned on h=169 for Xe39+
# Authors: G. Favia, A. Lasheen
# f_r [Hz]	Abs(Z)[Ohm]
7.104500000000000000e+07 2.444474180873462785e+02
7.152200000000000000e+07 2.312548644712981059e+02
7.199800000000000000e+07 2.753032247383490585e+02
7.247500000000000000e+07 3.031713014912024846e+02
7.295200000000000000e+07 3.084102530698260693e+02
7.342900000000000000e+07 2.785302969007904608e+02
7.390600000000000000e+07 2.792075568615461520e+02
7.438200000000000000e+07 2.947793291846584225e+02
7.485900000000000000e+07 3.873292041839675903e+02
7.533600000000000000e+07 4.571470640314669254e+02
7.581300000000000000e+07 5.003336934009009269e+02
7.629000000000000000e+07 4.939017014732659732e+02
7.676600000000000000e+07 4.820117135653259197e+02
7.724300000000000000e+07 7.598541663040705316e+02
7.772000000000000000e+07 1.178194630788629865e+03
7.819700000000000000e+07 1.784620321270937893e+03
7.867400000000000000e+07 2.380143712436795340e+03
7.915100000000000000e+07 3.234281119831664910e+03
7.962700000000000000e+07 8.859837522212696058e+03
8.010400000000000000e+07 9.999116621216393469e+03
8.058100000000000000e+07 4.598079677607074700e+03
8.105800000000000000e+07 2.502911604479956623e+03
8.153500000000000000e+07 1.326102188831753892e+03
8.201100000000000000e+07 9.522068775653673356e+02
8.248800000000000000e+07 9.054634539737913883e+02
8.296500000000000000e+07 8.084361133947124927e+02
8.344200000000000000e+07 7.857591297174816418e+02
8.391900000000000000e+07 5.768492800265172491e+02
8.439500000000000000e+07 5.239139455953148854e+02
8.487200000000000000e+07 6.531375198343191641e+02
8.534900000000000000e+07 6.645632135888733956e+02
8.582600000000000000e+07 5.632776985021858991e+02
8.630300000000000000e+07 4.164831818418052194e+02
8.677900000000000000e+07 3.159361773521134751e+02
8.725600000000000000e+07 3.242223596219856745e+02
8.773300000000000000e+07 3.207507277238663619e+02
8.821000000000000000e+07 3.304759747727065928e+02
8.868700000000000000e+07 2.675333690960006834e+02
8.916400000000000000e+07 2.245360302454751604e+02
