# Impedance of C80-89 
# Measurement for 60 bunches, cavity tuned on h=169 for Xe39+
# Authors: G. Favia, A. Lasheen
# f_r [Hz]	Abs(Z)[Ohm]
7.104500000000000000e+07 2.299751262265330638e+02
7.152200000000000000e+07 3.210801413843498722e+02
7.199800000000000000e+07 2.755074201111652314e+02
7.247500000000000000e+07 3.239432290556184739e+02
7.295200000000000000e+07 3.704291683546776994e+02
7.342900000000000000e+07 3.064177863633482843e+02
7.390600000000000000e+07 3.047308099910089254e+02
7.438200000000000000e+07 2.822895287059191674e+02
7.485900000000000000e+07 4.152539433021615878e+02
7.533600000000000000e+07 4.826804759979119126e+02
7.581300000000000000e+07 5.341800257537878451e+02
7.629000000000000000e+07 5.308817512158383352e+02
7.676600000000000000e+07 4.444153457273505410e+02
7.724300000000000000e+07 8.861876243390375976e+02
7.772000000000000000e+07 1.323099264561442851e+03
7.819700000000000000e+07 1.866240539964033132e+03
7.867400000000000000e+07 2.580169878295374019e+03
7.915100000000000000e+07 3.370426670029376510e+03
7.962700000000000000e+07 9.960049479389133921e+03
8.010400000000000000e+07 8.439324652453329691e+03
8.058100000000000000e+07 4.919558208379967255e+03
8.105800000000000000e+07 2.700758657229728669e+03
8.153500000000000000e+07 1.364463520237858575e+03
8.201100000000000000e+07 1.053109406377295954e+03
8.248800000000000000e+07 1.004306605451915516e+03
8.296500000000000000e+07 8.795578659529890047e+02
8.344200000000000000e+07 8.228038795016808535e+02
8.391900000000000000e+07 6.387537077899686437e+02
8.439500000000000000e+07 5.811130887990552765e+02
8.487200000000000000e+07 5.980589852806712088e+02
8.534900000000000000e+07 6.487522638517847327e+02
8.582600000000000000e+07 5.864128147190762093e+02
8.630300000000000000e+07 4.870054548059770241e+02
8.677900000000000000e+07 3.196154104069964887e+02
8.725600000000000000e+07 3.953996952650297203e+02
8.773300000000000000e+07 3.694775118496912683e+02
8.821000000000000000e+07 3.964455480459288310e+02
8.868700000000000000e+07 3.384558427051273952e+02
8.916300000000000000e+07 2.702760478216376328e+02
