# Impedance of C80-89 
# Measurement for 72 bunches, cavity tuned on h=169 for Xe39+
# Authors: G. Favia, A. Lasheen
# f_r [Hz]	Abs(Z)[Ohm]
7.104500000000000000e+07 2.911590866306727321e+02
7.152200000000000000e+07 2.260370396671596325e+02
7.199800000000000000e+07 2.846167670990757301e+02
7.247500000000000000e+07 3.889337535209761541e+02
7.295200000000000000e+07 4.642479921579508186e+02
7.342900000000000000e+07 4.144949272752059528e+02
7.390600000000000000e+07 2.971324163134326568e+02
7.438200000000000000e+07 3.129846768431009423e+02
7.485900000000000000e+07 4.168855322512206953e+02
7.533600000000000000e+07 4.951345803461836681e+02
7.581300000000000000e+07 5.290918909174769169e+02
7.629000000000000000e+07 6.717593382189473914e+02
7.676700000000000000e+07 5.201120172968172710e+02
7.724300000000000000e+07 9.227152611097127419e+02
7.772000000000000000e+07 1.400746598742001652e+03
7.819700000000000000e+07 2.129288404530626394e+03
7.867400000000000000e+07 2.804066512287715341e+03
7.915100000000000000e+07 4.169582006327504132e+03
7.962700000000000000e+07 9.931866940233419882e+03
8.010400000000000000e+07 8.750075548641383648e+03
8.058100000000000000e+07 4.947337217021346078e+03
8.105800000000000000e+07 2.785752266292964578e+03
8.153500000000000000e+07 1.466095067303130918e+03
8.201100000000000000e+07 1.116958355537226907e+03
8.248800000000000000e+07 1.070098374343654996e+03
8.296500000000000000e+07 1.032145280938558471e+03
8.344200000000000000e+07 8.634178419843610754e+02
8.391900000000000000e+07 6.594977855246482932e+02
8.439500000000000000e+07 6.513867006990052460e+02
8.487200000000000000e+07 7.708627896296159179e+02
8.534900000000000000e+07 7.031475820712120139e+02
8.582600000000000000e+07 5.992842199758691777e+02
8.630300000000000000e+07 4.751303847526024811e+02
8.677900000000000000e+07 4.469205157346173110e+02
8.725600000000000000e+07 4.063769348220856727e+02
8.773300000000000000e+07 3.855221021308449849e+02
8.821000000000000000e+07 3.794676266476800492e+02
8.868700000000000000e+07 3.006124509119545110e+02
8.916400000000000000e+07 3.091515283024559722e+02
