# Impedance of C80-08 
# Measurement for 48 bunches, cavity tuned on h=168 for p+
# Authors: G. Favia, A. Lasheen
# f_r [Hz]	Abs(Z)[Ohm]
7.104500000000000000e+07 2.024960670978632606e+02
7.152200000000000000e+07 1.924190282902722231e+02
7.199800000000000000e+07 2.475805709672416413e+02
7.247500000000000000e+07 3.163852994356132626e+02
7.295200000000000000e+07 3.186547148406979204e+02
7.342900000000000000e+07 3.065795245667343920e+02
7.390600000000000000e+07 2.560740997858035257e+02
7.438200000000000000e+07 3.382590242303339778e+02
7.485900000000000000e+07 3.711078063875404496e+02
7.533600000000000000e+07 4.342013301834003300e+02
7.581300000000000000e+07 4.670482441673793232e+02
7.629000000000000000e+07 4.809456515613391048e+02
7.676600000000000000e+07 4.760042712503931739e+02
7.724300000000000000e+07 8.100761635801037528e+02
7.772000000000000000e+07 8.248277183702061848e+02
7.819700000000000000e+07 1.716548623990191800e+03
7.867400000000000000e+07 1.846916095394396507e+03
7.915100000000000000e+07 2.173353389022801366e+03
7.962700000000000000e+07 6.323270643717819439e+03
8.010400000000000000e+07 9.045686484107132856e+03
8.058100000000000000e+07 6.001377537733287681e+03
8.105800000000000000e+07 3.048846075590580313e+03
8.153500000000000000e+07 1.333482991840374098e+03
8.201100000000000000e+07 9.833459852058650768e+02
8.248800000000000000e+07 9.881931608171968264e+02
8.296500000000000000e+07 8.895367340540216219e+02
8.344200000000000000e+07 9.554208325169721547e+02
8.391900000000000000e+07 6.218163068304160106e+02
8.439600000000000000e+07 6.009191152914075928e+02
8.487200000000000000e+07 6.759917329427723871e+02
8.534900000000000000e+07 5.785737307611079814e+02
8.582600000000000000e+07 4.465159356930228114e+02
8.630300000000000000e+07 4.008060105342481165e+02
8.678000000000000000e+07 2.991005649920741689e+02
8.725600000000000000e+07 3.085145574860318334e+02
8.768200000000000000e+07 5.499739527657399094e+02
8.821000000000000000e+07 3.361887883234963965e+02
8.868700000000000000e+07 3.585802783216754506e+02
8.916400000000000000e+07 2.157029707295421588e+02
