# Impedance of C80-08 
# Measurement for 60 bunches, cavity tuned on h=168 for p+
# Authors: G. Favia, A. Lasheen
# f_r [Hz]	Abs(Z)[Ohm]
7.104500000000000000e+07 2.310228624770624606e+02
7.152200000000000000e+07 3.733831047284203919e+02
7.199800000000000000e+07 2.919708194498325611e+02
7.247500000000000000e+07 2.755627206855407962e+02
7.295200000000000000e+07 2.886833914875988967e+02
7.342900000000000000e+07 2.855865404502565070e+02
7.390600000000000000e+07 2.466661493648216776e+02
7.438200000000000000e+07 2.581427298835079682e+02
7.485900000000000000e+07 3.922720514036049053e+02
7.533600000000000000e+07 3.942865666633028354e+02
7.581300000000000000e+07 4.400270676050303678e+02
7.629000000000000000e+07 4.543843900079073705e+02
7.676600000000000000e+07 4.560329701374097340e+02
7.724300000000000000e+07 8.020320811025679859e+02
7.772000000000000000e+07 1.154528078526654099e+03
7.819700000000000000e+07 1.583124536864994070e+03
7.867400000000000000e+07 1.962468234159323401e+03
7.915100000000000000e+07 2.626846873055224478e+03
7.962700000000000000e+07 6.547728845333381287e+03
8.010400000000000000e+07 9.198718310733502221e+03
8.058100000000000000e+07 6.129823986050874737e+03
8.105800000000000000e+07 2.979832578690656192e+03
8.153500000000000000e+07 1.259363033623146066e+03
8.201100000000000000e+07 1.063471268715996302e+03
8.248800000000000000e+07 9.975190953263121401e+02
8.296500000000000000e+07 9.001513021087611151e+02
8.344200000000000000e+07 6.934189132262622479e+02
8.391900000000000000e+07 6.711595965909682491e+02
8.439500000000000000e+07 5.537013201113044261e+02
8.487200000000000000e+07 6.820587840271566620e+02
8.534900000000000000e+07 8.035702772909759233e+02
8.582600000000000000e+07 5.612249293561511649e+02
8.630300000000000000e+07 4.669378521281894905e+02
8.678000000000000000e+07 3.785929724075654121e+02
8.725600000000000000e+07 3.312577417643875037e+02
8.773300000000000000e+07 3.755722581303162428e+02
8.821000000000000000e+07 3.702398807741255951e+02
8.868700000000000000e+07 3.210541769171692295e+02
8.916300000000000000e+07 2.455400522321168637e+02
