# Impedance of C80-08 
# Measurement for 72 bunches, cavity tuned on h=168 for p+
# Authors: G. Favia, A. Lasheen
# f_r [Hz]	Abs(Z)[Ohm]
7.104500000000000000e+07 2.779951277296989929e+02
7.152200000000000000e+07 2.251142754069430794e+02
7.199800000000000000e+07 2.960326942517191355e+02
7.247500000000000000e+07 3.382959144469054991e+02
7.295200000000000000e+07 4.118110073961223065e+02
7.342900000000000000e+07 3.962568370269249272e+02
7.390600000000000000e+07 2.756680109351574970e+02
7.438200000000000000e+07 2.642989119780314695e+02
7.485900000000000000e+07 3.702689135128537714e+02
7.533600000000000000e+07 4.445722414293626343e+02
7.581300000000000000e+07 4.855968034843318151e+02
7.629000000000000000e+07 4.743272609524700556e+02
7.676700000000000000e+07 4.620030921575761340e+02
7.724300000000000000e+07 7.802721669990659166e+02
7.772000000000000000e+07 1.161429537270901847e+03
7.819700000000000000e+07 1.743692746936766298e+03
7.867400000000000000e+07 2.179178935792161155e+03
7.915100000000000000e+07 3.110153245366201645e+03
7.962700000000000000e+07 6.869974555104068713e+03
8.010400000000000000e+07 9.414880070815086583e+03
8.058100000000000000e+07 6.168129872333135609e+03
8.105800000000000000e+07 3.173862916816399320e+03
8.153500000000000000e+07 1.432218409837769286e+03
8.201100000000000000e+07 1.084028037464064255e+03
8.248800000000000000e+07 1.013995957219919092e+03
8.296500000000000000e+07 9.158400647063019733e+02
8.344200000000000000e+07 8.097371570647709405e+02
8.391900000000000000e+07 6.807490048194132441e+02
8.439500000000000000e+07 5.752124098498138665e+02
8.487200000000000000e+07 7.003380631251064870e+02
8.534900000000000000e+07 6.646569224859679252e+02
8.582600000000000000e+07 4.858794868782138678e+02
8.630300000000000000e+07 5.006405083510766758e+02
8.678000000000000000e+07 3.495981238271182860e+02
8.725600000000000000e+07 3.354396725172309175e+02
8.773300000000000000e+07 3.414337388761408079e+02
8.821000000000000000e+07 3.575826607219962057e+02
8.868700000000000000e+07 3.207442852339329420e+02
8.916400000000000000e+07 2.755473417773911251e+02
