# Impedance of C80-08 
# Measurement for 24 bunches, cavity tuned on h=168 for p+
# Authors: G. Favia, A. Lasheen
# f_r [Hz]	Abs(Z)[Ohm]
7.104500000000000000e+07 2.246793216065901788e+02
7.152200000000000000e+07 1.834491638872931958e+02
7.199800000000000000e+07 3.712634751215771871e+02
7.247500000000000000e+07 2.799333757029088474e+02
7.295200000000000000e+07 3.224762332673530523e+02
7.334300000000000000e+07 2.287789576797093787e+02
7.390600000000000000e+07 2.584056291509891139e+02
7.438200000000000000e+07 2.440609912155013319e+02
7.485900000000000000e+07 3.517504611769417124e+02
7.533600000000000000e+07 5.112649506237162882e+02
7.581300000000000000e+07 4.792505319263491970e+02
7.629000000000000000e+07 4.554274058626891133e+02
7.676600000000000000e+07 4.016172573564294339e+02
7.724300000000000000e+07 7.645496566769397759e+02
7.772000000000000000e+07 1.157288655186963069e+03
7.819700000000000000e+07 1.844313613996473805e+03
7.867400000000000000e+07 1.716881549369286859e+03
7.915100000000000000e+07 2.735452579395358498e+03
7.962700000000000000e+07 6.101641104737640489e+03
8.010400000000000000e+07 1.010570504254857224e+04
8.058100000000000000e+07 6.155211202153883278e+03
8.105800000000000000e+07 3.002169918235378645e+03
8.153500000000000000e+07 1.389632964247064137e+03
8.201100000000000000e+07 1.203835976442055198e+03
8.248800000000000000e+07 1.042391151100266597e+03
8.296500000000000000e+07 8.948420502300089083e+02
8.344200000000000000e+07 9.293549762850537945e+02
8.391900000000000000e+07 5.691434859941510922e+02
8.439500000000000000e+07 5.724459567358758250e+02
8.487200000000000000e+07 6.852604838254445667e+02
8.534900000000000000e+07 6.613709016061286547e+02
8.582600000000000000e+07 4.805932927706335249e+02
8.630300000000000000e+07 3.965202105739754757e+02
8.677900000000000000e+07 2.226144074773087311e+02
8.725600000000000000e+07 3.379498871263272122e+02
8.773300000000000000e+07 3.704739057625499754e+02
8.821000000000000000e+07 3.510493023150631871e+02
8.868700000000000000e+07 4.650645750753863581e+02
8.916400000000000000e+07 2.286817085087992041e+02
