# Impedance of C80-08 
# Measurement for 36 bunches, cavity tuned on h=168 for p+
# Authors: G. Favia, A. Lasheen
# f_r [Hz]	Abs(Z)[Ohm]
7.104500000000000000e+07 1.671496564058149943e+02
7.152200000000000000e+07 2.210809579661055295e+02
7.199800000000000000e+07 2.579407294506522703e+02
7.243400000000000000e+07 5.179646095550285736e+02
7.295200000000000000e+07 2.856874912481725346e+02
7.342900000000000000e+07 2.753491058022632387e+02
7.390600000000000000e+07 2.532775774054809972e+02
7.438200000000000000e+07 2.693289741518622122e+02
7.485900000000000000e+07 3.395482993171323756e+02
7.533600000000000000e+07 4.368842849281332974e+02
7.581300000000000000e+07 5.067767256031270335e+02
7.629000000000000000e+07 4.770747077601130286e+02
7.676600000000000000e+07 4.595401153300654755e+02
7.724300000000000000e+07 7.340278878474135809e+02
7.772000000000000000e+07 1.200570682805029719e+03
7.819700000000000000e+07 1.475149081312860744e+03
7.867400000000000000e+07 2.036975868721948018e+03
7.915100000000000000e+07 4.669998871980606054e+03
7.962700000000000000e+07 6.269715743832162843e+03
8.010400000000000000e+07 9.531190926602117543e+03
8.058100000000000000e+07 6.185825472028101103e+03
8.105800000000000000e+07 3.304118459442391668e+03
8.153500000000000000e+07 1.224829040216364547e+03
8.201100000000000000e+07 1.063021473140372791e+03
8.248800000000000000e+07 1.380325327356556727e+03
8.296500000000000000e+07 8.613298094825098588e+02
8.344200000000000000e+07 8.329701972727341399e+02
8.391900000000000000e+07 6.128110596783328674e+02
8.439500000000000000e+07 6.244064488212378592e+02
8.487200000000000000e+07 6.734778247349998992e+02
8.534900000000000000e+07 7.120306081372160634e+02
8.563900000000000000e+07 3.668629256714062876e+02
8.630300000000000000e+07 3.928779305636700769e+02
8.678000000000000000e+07 3.287399987295168557e+02
8.725600000000000000e+07 3.918564114615660401e+02
8.773300000000000000e+07 3.707443667977419750e+02
8.821000000000000000e+07 3.685433003905624219e+02
8.868700000000000000e+07 2.996319848155535510e+02
8.929200000000000000e+07 3.870366483716852599e+02
