# Impedance of C80-08 
# Measurement for 12 bunches, cavity tuned on h=168 for p+
# Authors: G. Favia, A. Lasheen
# f_r [Hz]	Abs(Z)[Ohm]
7.104500000000000000e+07 2.303428365766636716e+02
7.152200000000000000e+07 2.205730691797223244e+02
7.199800000000000000e+07 2.201490205262435893e+02
7.247500000000000000e+07 2.753757749049587460e+02
7.295200000000000000e+07 2.997962547427300706e+02
7.342900000000000000e+07 2.551544010926247381e+02
7.390600000000000000e+07 2.308749977283202384e+02
7.438200000000000000e+07 2.410769977888482742e+02
7.485900000000000000e+07 3.271751018017834554e+02
7.533600000000000000e+07 3.979537963636909126e+02
7.581300000000000000e+07 4.329307078952161305e+02
7.629000000000000000e+07 4.303249935009292244e+02
7.676600000000000000e+07 4.174391910837074988e+02
7.724300000000000000e+07 6.716125437063111576e+02
7.772000000000000000e+07 1.027463689643874204e+03
7.819700000000000000e+07 1.523573603190500535e+03
7.867400000000000000e+07 1.888053133687081527e+03
7.915100000000000000e+07 2.421169065953493828e+03
7.962700000000000000e+07 5.542055514275099995e+03
8.010400000000000000e+07 1.227724421208227977e+04
8.058100000000000000e+07 6.007910552298831135e+03
8.105800000000000000e+07 2.801746046449750793e+03
8.153500000000000000e+07 1.254896445324251772e+03
8.201100000000000000e+07 8.986311227646896214e+02
8.248800000000000000e+07 8.787473854170739287e+02
8.296500000000000000e+07 7.668819082312598994e+02
8.344200000000000000e+07 6.584942073080094360e+02
8.391900000000000000e+07 5.709962750559018332e+02
8.439500000000000000e+07 5.256517408624981726e+02
8.487200000000000000e+07 6.452416013497551148e+02
8.534900000000000000e+07 6.344987084000152890e+02
8.582600000000000000e+07 5.189267038075208802e+02
8.630300000000000000e+07 3.822880688110688538e+02
8.678000000000000000e+07 2.707998430232080977e+02
8.725600000000000000e+07 3.429748125463101474e+02
8.773300000000000000e+07 3.122402684783936593e+02
8.821000000000000000e+07 3.131655911917849267e+02
8.868700000000000000e+07 2.783012818000593143e+02
8.916400000000000000e+07 2.016375712856603002e+02
