# Impedance of C40-77 
# Measurement for 60 bunches
# Authors: G. Favia, A. Lasheen
# f_r [Hz]	Abs(Z)[Ohm]
3.099300000000000000e+07 6.899977174923996870e+01
3.146900000000000000e+07 1.639086684916932484e+02
3.184800000000000000e+07 9.756649007500081439e+01
3.242300000000000000e+07 4.774929242517395522e+01
3.290000000000000000e+07 9.748887639145000605e+01
3.347500000000000000e+07 1.644609333961771199e+03
3.385400000000000000e+07 8.182554752964966838e+01
3.433000000000000000e+07 9.230718661236980438e+01
3.480700000000000000e+07 1.066936005704690160e+02
3.528400000000000000e+07 1.648447303747441595e+02
3.576100000000000000e+07 1.667552323955284805e+02
3.623800000000000000e+07 1.463187677090859609e+02
3.671400000000000000e+07 2.238533453386596648e+02
3.719100000000000000e+07 3.087428748936407032e+02
3.766800000000000000e+07 4.321797894071516453e+02
3.814500000000000000e+07 5.896718980844632370e+02
3.862200000000000000e+07 5.370154123976420806e+02
3.909800000000000000e+07 7.594573180119720064e+02
3.957500000000000000e+07 3.280181227704178582e+03
4.005200000000000000e+07 3.982118006344849618e+03
4.052900000000000000e+07 2.732217296316284774e+03
4.100600000000000000e+07 9.149696928626774479e+02
4.148300000000000000e+07 4.610764284313921735e+02
4.195900000000000000e+07 3.884706278350466278e+02
4.243600000000000000e+07 3.837723260528093192e+02
4.291300000000000000e+07 3.405983143073630117e+02
4.339000000000000000e+07 2.957527707284351663e+02
4.386700000000000000e+07 2.502692648691260047e+02
4.434300000000000000e+07 2.307399630600170894e+02
4.482000000000000000e+07 2.684163419442818963e+02
4.529700000000000000e+07 2.165479249177095653e+02
4.577400000000000000e+07 2.012905409245300632e+02
4.625100000000000000e+07 1.537139134076410869e+02
4.672800000000000000e+07 1.661770214025741552e+02
4.720400000000000000e+07 1.342560791725123863e+02
4.768100000000000000e+07 1.290729057927790393e+02
4.815800000000000000e+07 1.524247742549622728e+02
4.863500000000000000e+07 1.023424624786658086e+02
4.911200000000000000e+07 8.211712299092525313e+01
