# Impedance of C40-77 
# Measurement for 72 bunches
# Authors: G. Favia, A. Lasheen
# f_r [Hz]	Abs(Z)[Ohm]
3.099300000000000000e+07 6.292842663833134509e+01
3.125000000000000000e+07 5.183051321828775571e+01
3.194600000000000000e+07 7.293887485729615605e+01
3.242300000000000000e+07 5.108007568246638641e+01
3.290000000000000000e+07 1.424010483934506794e+02
3.347700000000000000e+07 8.008389063873578380e+02
3.395100000000000000e+07 1.020255892608079904e+02
3.433000000000000000e+07 1.065019770856094965e+02
3.480700000000000000e+07 1.221105785489520059e+02
3.528400000000000000e+07 1.459491915346291933e+02
3.576100000000000000e+07 1.672043393826445765e+02
3.623800000000000000e+07 1.634826694562991918e+02
3.671400000000000000e+07 2.590230186290406778e+02
3.719100000000000000e+07 3.275298930882789818e+02
3.766800000000000000e+07 4.144226781864511509e+02
3.814500000000000000e+07 5.232371448823164428e+02
3.862200000000000000e+07 5.792178969709050307e+02
3.909800000000000000e+07 7.419194820479650616e+02
3.957500000000000000e+07 3.851485042498326948e+03
4.005200000000000000e+07 4.009358119739024460e+03
4.052900000000000000e+07 2.862227031136777896e+03
4.100600000000000000e+07 8.889464002737122428e+02
4.148300000000000000e+07 4.168060559877700371e+02
4.195900000000000000e+07 3.799373047098413849e+02
4.243600000000000000e+07 3.729704054790374244e+02
4.291300000000000000e+07 3.042264796650276821e+02
4.339000000000000000e+07 2.960525552008041359e+02
4.386700000000000000e+07 2.447715231100551989e+02
4.434300000000000000e+07 2.690498875372646808e+02
4.482000000000000000e+07 2.679866113849535054e+02
4.529700000000000000e+07 2.500638098449199163e+02
4.577400000000000000e+07 2.003061411600826318e+02
4.625100000000000000e+07 1.759734145182513316e+02
4.689400000000000000e+07 1.339569877531822613e+02
4.720400000000000000e+07 1.354924032763995001e+02
4.768100000000000000e+07 1.529971092991289652e+02
4.815800000000000000e+07 1.231742922012635546e+02
4.863500000000000000e+07 1.240101346567776801e+02
4.911200000000000000e+07 8.523959815868244050e+01
