# Impedance of C40-77 
# Measurement for 48 bunches
# Authors: G. Favia, A. Lasheen
# f_r [Hz]	Abs(Z)[Ohm]
3.089500000000000000e+07 1.702875667053402253e+02
3.137000000000000000e+07 4.151701588357192918e+01
3.194600000000000000e+07 7.795599917925078159e+01
3.242300000000000000e+07 5.974678441298217280e+01
3.290000000000000000e+07 9.047043522705752139e+01
3.347600000000000000e+07 1.733623448657551307e+03
3.385400000000000000e+07 8.713356368719473721e+01
3.433100000000000000e+07 9.150896853909088691e+01
3.480700000000000000e+07 1.324721398131888179e+02
3.528400000000000000e+07 1.467314236454300840e+02
3.576100000000000000e+07 1.725769438577775645e+02
3.623800000000000000e+07 1.609347442570305873e+02
3.671400000000000000e+07 2.574469302490784344e+02
3.719100000000000000e+07 3.255311208998882080e+02
3.766800000000000000e+07 3.939910108673029754e+02
3.814500000000000000e+07 4.877689085060528669e+02
3.862200000000000000e+07 5.397149258915429755e+02
3.909800000000000000e+07 9.094378961024348200e+02
3.957500000000000000e+07 2.963472101358267992e+03
4.005200000000000000e+07 4.012671806644484150e+03
4.052900000000000000e+07 2.592005953346194929e+03
4.100600000000000000e+07 1.047217702170279381e+03
4.148300000000000000e+07 3.938322951106292749e+02
4.195900000000000000e+07 3.433544750955689437e+02
4.243600000000000000e+07 3.915924977225466819e+02
4.291300000000000000e+07 3.509752896131250850e+02
4.339000000000000000e+07 3.277098021265323951e+02
4.386700000000000000e+07 2.328825559483332484e+02
4.434300000000000000e+07 1.994911792843684566e+02
4.482000000000000000e+07 2.477671320992163828e+02
4.529700000000000000e+07 2.271015298232524913e+02
4.577400000000000000e+07 1.480260206109611261e+02
4.625100000000000000e+07 1.295956817398040926e+02
4.672700000000000000e+07 1.224083041661975670e+02
4.720400000000000000e+07 1.254626295406830252e+02
4.768100000000000000e+07 1.796571001450270444e+02
4.815800000000000000e+07 1.034077095034558482e+02
4.863500000000000000e+07 1.145275208910984617e+02
4.911100000000000000e+07 1.213647007879682889e+02
