# Impedance of C40-77 
# Measurement for 36 bunches
# Authors: G. Favia, A. Lasheen
# f_r [Hz]	Abs(Z)[Ohm]
3.102800000000000000e+07 9.258356654921730922e+01
3.123300000000000000e+07 6.160696098257513853e+01
3.194600000000000000e+07 8.393749692344924540e+01
3.222500000000000000e+07 1.399647345206909961e+02
3.290000000000000000e+07 1.191505710231644883e+02
3.347400000000000000e+07 7.861935845605582927e+02
3.385400000000000000e+07 8.125523581141820273e+01
3.433000000000000000e+07 1.126428262508729290e+02
3.480700000000000000e+07 1.264987393247173202e+02
3.528400000000000000e+07 1.438704471027344596e+02
3.576100000000000000e+07 1.570291834754211493e+02
3.623800000000000000e+07 1.685221182097838266e+02
3.671400000000000000e+07 2.224113152709747965e+02
3.719100000000000000e+07 2.876963259989834683e+02
3.766800000000000000e+07 3.957754545143873202e+02
3.814500000000000000e+07 5.094043669691691889e+02
3.862200000000000000e+07 5.060665038002809411e+02
3.909900000000000000e+07 3.607997066399345272e+02
3.957500000000000000e+07 2.738551271787855512e+03
4.005200000000000000e+07 4.307167359347708953e+03
4.052900000000000000e+07 2.490969421845984471e+03
4.100600000000000000e+07 7.882326283706147478e+02
4.148300000000000000e+07 3.890805031214221117e+02
4.195900000000000000e+07 3.876063809645104357e+02
4.243600000000000000e+07 3.069436245118179158e+02
4.291300000000000000e+07 3.276794258969709972e+02
4.339000000000000000e+07 3.383587316834004923e+02
4.386700000000000000e+07 2.326916403485732303e+02
4.434300000000000000e+07 2.435606120069605538e+02
4.482000000000000000e+07 2.711344534460938007e+02
4.529700000000000000e+07 2.468492805558510668e+02
4.577400000000000000e+07 1.694175372508555881e+02
4.625100000000000000e+07 1.328153525262572714e+02
4.672800000000000000e+07 1.267743538727773682e+02
4.720400000000000000e+07 1.021922141357847948e+02
4.768100000000000000e+07 1.187608367892513002e+02
4.815800000000000000e+07 1.143685117533794511e+02
4.863500000000000000e+07 9.583378106364096993e+01
4.920900000000000000e+07 1.246493085446872584e+02
