# Impedance of C40-77 
# Measurement for 12 bunches
# Authors: G. Favia, A. Lasheen
# f_r [Hz]	Abs(Z)[Ohm]
3.099300000000000000e+07 5.767248935724980186e+01
3.147000000000000000e+07 3.923335263670871598e+01
3.194600000000000000e+07 6.799084648262002872e+01
3.242300000000000000e+07 6.380357506010469848e+01
3.290000000000000000e+07 9.167953503138025440e+01
3.347500000000000000e+07 4.356814791673378977e+02
3.385400000000000000e+07 6.731815470154570846e+01
3.433100000000000000e+07 6.968033014386114132e+01
3.480700000000000000e+07 1.102747393599673558e+02
3.528400000000000000e+07 1.351226859378992060e+02
3.576100000000000000e+07 1.553122275322408257e+02
3.623800000000000000e+07 1.537342275991724136e+02
3.671400000000000000e+07 2.255067176469660239e+02
3.719100000000000000e+07 2.744527234862015916e+02
3.766800000000000000e+07 3.832634689058441495e+02
3.814500000000000000e+07 4.714659387298627848e+02
3.862200000000000000e+07 5.383170799327224358e+02
3.909800000000000000e+07 6.942252127914990751e+02
3.957500000000000000e+07 2.246561344392412593e+03
4.005200000000000000e+07 1.092919494406850208e+04
4.052900000000000000e+07 2.102995229399827622e+03
4.100600000000000000e+07 8.490290556531953143e+02
4.148300000000000000e+07 3.806092841034173944e+02
4.195900000000000000e+07 3.589097142309316837e+02
4.243600000000000000e+07 3.507263838014113730e+02
4.291300000000000000e+07 3.295561367487839561e+02
4.346100000000000000e+07 2.796872802636603410e+02
4.386700000000000000e+07 2.133949323363418387e+02
4.434300000000000000e+07 2.212224759417096607e+02
4.482000000000000000e+07 2.395448765682870373e+02
4.529700000000000000e+07 2.162871723473680845e+02
4.577400000000000000e+07 1.708119290034516666e+02
4.625100000000000000e+07 1.266295364300748219e+02
4.651100000000000000e+07 5.493271226606707387e+02
4.720400000000000000e+07 1.367454510766110900e+02
4.768100000000000000e+07 1.286983638956065477e+02
4.815800000000000000e+07 1.092229747683107774e+02
4.863500000000000000e+07 1.024076985961722102e+02
4.911100000000000000e+07 9.616178693070136774e+01
