# Impedance of C40-77 
# Measurement for 24 bunches
# Authors: G. Favia, A. Lasheen
# f_r [Hz]	Abs(Z)[Ohm]
3.099300000000000000e+07 6.313053379070573357e+01
3.150600000000000000e+07 7.130522407996444656e+01
3.194700000000000000e+07 1.224682828383481308e+02
3.242300000000000000e+07 5.435555358103491841e+01
3.290000000000000000e+07 8.409056725061437021e+01
3.347500000000000000e+07 1.306382042164045515e+03
3.385400000000000000e+07 8.404946247178189367e+01
3.433000000000000000e+07 6.660074110980173145e+01
3.480700000000000000e+07 1.259643783254974636e+02
3.528400000000000000e+07 1.409869408463633249e+02
3.576100000000000000e+07 1.607185325206710900e+02
3.623800000000000000e+07 1.626647761238032217e+02
3.671400000000000000e+07 2.005680150516359959e+02
3.719100000000000000e+07 2.959446007271431540e+02
3.766800000000000000e+07 4.028633690558087324e+02
3.814500000000000000e+07 5.029708494665675858e+02
3.862200000000000000e+07 6.080025294532111957e+02
3.909800000000000000e+07 6.463736596028368240e+02
3.957500000000000000e+07 2.560117940522045956e+03
4.005200000000000000e+07 5.140894550996335056e+03
4.052900000000000000e+07 2.383014819870975316e+03
4.100600000000000000e+07 8.488473799833005842e+02
4.148300000000000000e+07 4.024952947514051402e+02
4.195900000000000000e+07 3.382242101153213980e+02
4.243600000000000000e+07 3.734422581992833443e+02
4.291300000000000000e+07 3.435656566517379815e+02
4.341500000000000000e+07 7.031674271952558684e+02
4.386700000000000000e+07 2.250721224432128054e+02
4.434300000000000000e+07 2.383149360475379694e+02
4.482000000000000000e+07 2.365060616566173906e+02
4.529700000000000000e+07 2.214755734801264850e+02
4.577400000000000000e+07 1.897485086939541929e+02
4.625100000000000000e+07 1.432828450636806679e+02
4.672700000000000000e+07 1.553610310314262506e+02
4.720400000000000000e+07 1.347557176372603749e+02
4.768100000000000000e+07 1.399216111081893530e+02
4.815800000000000000e+07 9.340295625532726831e+01
4.876000000000000000e+07 1.226902031914808902e+02
4.911200000000000000e+07 9.067858191714954330e+01
