# Impedance of C10-11 
# Measurement for h=21
# Author: G. Favia 
# Freq [Hz]		Re(Z) [Ohm]		Im(Z) [Ohm]
0.000000000000000000e+00 -1.248940000000000055e+03 0.000000000000000000e+00
6.250000000000000000e+04 -6.142000000000000171e+01 2.954399999999999977e+02
1.250000000000000000e+05 -6.082399999999999807e+00 1.462880000000000109e+02
1.875000000000000000e+05 3.124400000000000066e+00 8.899800000000000466e+01
2.500000000000000000e+05 4.251599999999999824e+00 5.725999999999999801e+01
3.125000000000000000e+05 2.099600000000000133e+00 3.632800000000000296e+01
3.750000000000000000e+05 -2.341400000000000148e+00 2.149200000000000088e+01
4.375000000000000000e+05 -8.812400000000000233e+00 1.134200000000000053e+01
5.000000000000000000e+05 -1.681680000000000064e+01 6.083199999999999719e+00
5.625000000000000000e+05 -2.467599999999999838e+01 6.630799999999999805e+00
6.250000000000000000e+05 -2.893199999999999861e+01 1.279519999999999946e+01
6.875000000000000000e+05 -2.625199999999999889e+01 2.096600000000000108e+01
7.500000000000000000e+05 -1.751879999999999882e+01 2.553200000000000003e+01
8.125000000000000000e+05 -7.493800000000000239e+00 2.401599999999999824e+01
8.750000000000000000e+05 -1.310000000000000053e-01 1.805580000000000140e+01
9.375000000000000000e+05 3.223800000000000221e+00 1.043159999999999954e+01
1.000000000000000000e+06 2.787599999999999856e+00 3.391999999999999904e+00
1.062500000000000000e+06 -5.089799999999999880e-01 -1.404179999999999984e+00
1.125000000000000000e+06 -5.092399999999999594e+00 -2.826000000000000068e+00
1.187500000000000000e+06 -8.795799999999999841e+00 -7.656800000000000272e-01
1.250000000000000000e+06 -9.735599999999999810e+00 3.314999999999999947e+00
1.312500000000000000e+06 -7.628800000000000026e+00 7.019800000000000040e+00
1.375000000000000000e+06 -3.891999999999999904e+00 8.648400000000000531e+00
1.437500000000000000e+06 -3.924000000000000266e-01 8.010999999999999233e+00
1.500000000000000000e+06 1.586880000000000068e+00 5.977400000000000269e+00
1.562500000000000000e+06 1.575099999999999945e+00 3.803399999999999892e+00
1.625000000000000000e+06 -1.440680000000000016e-01 2.747799999999999798e+00
1.687500000000000000e+06 -2.537999999999999812e+00 3.736800000000000122e+00
1.750000000000000000e+06 -4.031399999999999650e+00 6.814199999999999591e+00
1.812500000000000000e+06 -3.347799999999999887e+00 1.076580000000000048e+01
1.875000000000000000e+06 -5.325999999999999623e-01 1.375380000000000003e+01
1.937500000000000000e+06 3.090599999999999792e+00 1.462579999999999991e+01
2.000000000000000000e+06 5.970799999999999663e+00 1.347020000000000017e+01
2.062500000000000000e+06 7.123000000000000220e+00 1.118399999999999928e+01
2.125000000000000000e+06 6.265399999999999636e+00 8.909599999999999298e+00
2.187500000000000000e+06 3.729800000000000004e+00 7.722599999999999909e+00
2.250000000000000000e+06 4.039800000000000058e-01 8.388400000000000745e+00
2.312500000000000000e+06 -2.441399999999999793e+00 1.101559999999999917e+01
2.375000000000000000e+06 -3.685200000000000031e+00 1.481119999999999948e+01
2.437500000000000000e+06 -3.044399999999999995e+00 1.839399999999999835e+01
2.500000000000000000e+06 -1.250820000000000043e+00 2.061599999999999966e+01
2.562500000000000000e+06 4.819800000000000195e-01 2.116600000000000037e+01
2.625000000000000000e+06 1.135219999999999896e+00 2.054799999999999827e+01
2.687500000000000000e+06 2.515600000000000058e-01 1.971499999999999986e+01
2.750000000000000000e+06 -1.957340000000000080e+00 1.969519999999999982e+01
2.812500000000000000e+06 -4.657000000000000028e+00 2.118799999999999883e+01
2.875000000000000000e+06 -6.696399999999999686e+00 2.417999999999999972e+01
2.937500000000000000e+06 -7.216000000000000192e+00 2.785600000000000165e+01
3.000000000000000000e+06 -6.155599999999999739e+00 3.106200000000000117e+01
3.062500000000000000e+06 -4.186799999999999855e+00 3.298400000000000176e+01
3.125000000000000000e+06 -2.219199999999999839e+00 3.344800000000000040e+01
3.187500000000000000e+06 -9.735599999999999810e-01 3.279800000000000182e+01
3.250000000000000000e+06 -8.128400000000000070e-01 3.164399999999999835e+01
3.312500000000000000e+06 -1.715060000000000029e+00 3.064199999999999946e+01
3.375000000000000000e+06 -3.297200000000000131e+00 3.030600000000000094e+01
3.437500000000000000e+06 -4.948400000000000354e+00 3.079400000000000048e+01
3.500000000000000000e+06 -6.139199999999999768e+00 3.180600000000000094e+01
3.562500000000000000e+06 -6.745800000000000018e+00 3.279999999999999716e+01
3.625000000000000000e+06 -7.074200000000000266e+00 3.336999999999999744e+01
3.687500000000000000e+06 -7.584399999999999586e+00 3.350200000000000244e+01
3.750000000000000000e+06 -8.590600000000000236e+00 3.350600000000000023e+01
3.812500000000000000e+06 -1.010899999999999999e+01 3.383200000000000074e+01
3.875000000000000000e+06 -1.183460000000000001e+01 3.486999999999999744e+01
3.937500000000000000e+06 -1.322840000000000060e+01 3.672999999999999687e+01
4.000000000000000000e+06 -1.374980000000000047e+01 3.910600000000000165e+01
4.062500000000000000e+06 -1.319159999999999933e+01 4.134599999999999653e+01
4.125000000000000000e+06 -1.187260000000000026e+01 4.280199999999999960e+01
4.187500000000000000e+06 -1.047959999999999958e+01 4.321200000000000330e+01
4.250000000000000000e+06 -9.682999999999999829e+00 4.283800000000000097e+01
4.312500000000000000e+06 -9.827400000000000801e+00 4.228199999999999648e+01
4.375000000000000000e+06 -1.081959999999999944e+01 4.222399999999999665e+01
4.437500000000000000e+06 -1.216719999999999935e+01 4.315599999999999881e+01
4.500000000000000000e+06 -1.314359999999999928e+01 4.515999999999999659e+01
4.562500000000000000e+06 -1.310599999999999987e+01 4.780400000000000205e+01
4.625000000000000000e+06 -1.185940000000000083e+01 5.029999999999999716e+01
4.687500000000000000e+06 -9.803800000000000736e+00 5.192000000000000171e+01
4.750000000000000000e+06 -7.708199999999999719e+00 5.239399999999999835e+01
4.812500000000000000e+06 -6.304800000000000182e+00 5.200000000000000000e+01
4.875000000000000000e+06 -5.988999999999999879e+00 5.136800000000000210e+01
4.937500000000000000e+06 -6.713799999999999990e+00 5.122399999999999665e+01
5.000000000000000000e+06 -8.017799999999999372e+00 5.214200000000000301e+01
5.062500000000000000e+06 -9.161799999999999500e+00 5.431400000000000006e+01
5.125000000000000000e+06 -9.403200000000000003e+00 5.742600000000000193e+01
5.187500000000000000e+06 -8.353999999999999204e+00 6.072399999999999665e+01
5.250000000000000000e+06 -6.210600000000000342e+00 6.337199999999999989e+01
5.312500000000000000e+06 -3.654599999999999849e+00 6.486400000000000432e+01
5.375000000000000000e+06 -1.492099999999999982e+00 6.524599999999999511e+01
5.437500000000000000e+06 -2.874999999999999778e-01 6.501399999999999579e+01
5.500000000000000000e+06 -1.756759999999999988e-01 6.485399999999999920e+01
5.562500000000000000e+06 -8.672400000000000109e-01 6.534999999999999432e+01
5.625000000000000000e+06 -1.810079999999999911e+00 6.676200000000000045e+01
5.687500000000000000e+06 -2.451200000000000045e+00 6.894400000000000261e+01
5.750000000000000000e+06 -2.491600000000000037e+00 7.145600000000000307e+01
5.812500000000000000e+06 -1.998680000000000012e+00 7.380599999999999739e+01
5.875000000000000000e+06 -1.330160000000000009e+00 7.569400000000000261e+01
5.937500000000000000e+06 -9.352399999999999602e-01 7.713400000000000034e+01
6.000000000000000000e+06 -1.144619999999999971e+00 7.842799999999999727e+01
6.062500000000000000e+06 -2.014800000000000146e+00 8.004200000000000159e+01
6.125000000000000000e+06 -3.270199999999999996e+00 8.239000000000000057e+01
6.187500000000000000e+06 -4.394000000000000128e+00 8.561799999999999500e+01
6.250000000000000000e+06 -4.876800000000000246e+00 8.947599999999999909e+01
6.312500000000000000e+06 -4.498800000000000132e+00 9.342799999999999727e+01
6.375000000000000000e+06 -3.443400000000000016e+00 9.693600000000000705e+01
6.437500000000000000e+06 -2.178399999999999892e+00 9.970999999999999375e+01
6.500000000000000000e+06 -1.226140000000000008e+00 1.018119999999999976e+02
6.562500000000000000e+06 -9.625000000000000222e-01 1.035859999999999985e+02
6.625000000000000000e+06 -1.496660000000000101e+00 1.055319999999999965e+02
6.687500000000000000e+06 -2.627600000000000158e+00 1.081299999999999955e+02
6.750000000000000000e+06 -3.896199999999999886e+00 1.116680000000000064e+02
6.812500000000000000e+06 -4.754800000000000360e+00 1.160979999999999990e+02
6.875000000000000000e+06 -4.801000000000000156e+00 1.210580000000000069e+02
6.937500000000000000e+06 -3.941600000000000215e+00 1.260420000000000016e+02
7.000000000000000000e+06 -2.387599999999999945e+00 1.306220000000000141e+02
7.062500000000000000e+06 -5.206399999999999917e-01 1.345980000000000132e+02
7.125000000000000000e+06 1.265360000000000040e+00 1.380080000000000098e+02
7.187500000000000000e+06 2.680400000000000116e+00 1.410879999999999939e+02
7.250000000000000000e+06 3.602799999999999780e+00 1.441659999999999968e+02
7.312500000000000000e+06 4.092399999999999594e+00 1.475759999999999934e+02
7.375000000000000000e+06 4.349199999999999733e+00 1.515560000000000116e+02
7.437500000000000000e+06 4.627200000000000202e+00 1.562139999999999986e+02
7.500000000000000000e+06 5.152599999999999625e+00 1.615440000000000111e+02
7.562500000000000000e+06 6.091199999999999726e+00 1.674840000000000089e+02
7.625000000000000000e+06 7.564400000000000013e+00 1.739739999999999895e+02
7.687500000000000000e+06 9.682600000000000762e+00 1.809499999999999886e+02
7.750000000000000000e+06 1.255640000000000001e+01 1.883199999999999932e+02
7.812500000000000000e+06 1.627280000000000015e+01 1.959559999999999889e+02
7.875000000000000000e+06 2.085000000000000142e+01 2.036800000000000068e+02
7.937500000000000000e+06 2.621000000000000085e+01 2.113799999999999955e+02
8.000000000000000000e+06 3.221200000000000330e+01 2.189600000000000080e+02
8.062500000000000000e+06 3.872800000000000153e+01 2.265200000000000102e+02
8.125000000000000000e+06 4.570400000000000063e+01 2.341999999999999886e+02
8.187500000000000000e+06 5.317999999999999972e+01 2.421599999999999966e+02
8.250000000000000000e+06 6.126800000000000068e+01 2.505399999999999920e+02
8.312500000000000000e+06 7.012999999999999545e+01 2.595000000000000000e+02
8.375000000000000000e+06 7.999399999999999977e+01 2.691999999999999886e+02
8.437500000000000000e+06 9.122599999999999909e+01 2.798000000000000114e+02
8.500000000000000000e+06 1.044060000000000059e+02 2.914599999999999795e+02
8.562500000000000000e+06 1.203780000000000001e+02 3.040400000000000205e+02
8.625000000000000000e+06 1.401740000000000066e+02 3.170400000000000205e+02
8.687500000000000000e+06 1.647779999999999916e+02 3.292400000000000091e+02
8.750000000000000000e+06 1.947160000000000082e+02 3.387799999999999727e+02
8.812500000000000000e+06 2.295600000000000023e+02 3.433199999999999932e+02
8.875000000000000000e+06 2.676000000000000227e+02 3.406000000000000227e+02
8.937500000000000000e+06 3.058999999999999773e+02 3.294200000000000159e+02
9.000000000000000000e+06 3.412400000000000091e+02 3.101999999999999886e+02
9.062500000000000000e+06 3.710600000000000023e+02 2.849200000000000159e+02
9.125000000000000000e+06 3.943600000000000136e+02 2.563199999999999932e+02
9.187500000000000000e+06 4.114800000000000182e+02 2.268199999999999932e+02
9.250000000000000000e+06 4.235799999999999841e+02 1.978979999999999961e+02
9.312500000000000000e+06 4.318600000000000136e+02 1.701380000000000052e+02
9.375000000000000000e+06 4.370799999999999841e+02 1.435600000000000023e+02
9.437500000000000000e+06 4.395199999999999818e+02 1.181159999999999997e+02
9.500000000000000000e+06 4.391800000000000068e+02 9.403600000000000136e+01
9.562500000000000000e+06 4.362200000000000273e+02 7.188200000000000500e+01
9.625000000000000000e+06 4.311600000000000250e+02 5.230799999999999983e+01
9.687500000000000000e+06 4.249200000000000159e+02 3.571000000000000085e+01
9.750000000000000000e+06 4.185600000000000023e+02 2.200600000000000023e+01
9.812500000000000000e+06 4.129200000000000159e+02 1.064540000000000042e+01
9.875000000000000000e+06 4.084200000000000159e+02 8.474199999999999511e-01
9.937500000000000000e+06 4.050600000000000023e+02 -8.117200000000000415e+00
1.000000000000000000e+07 4.025400000000000205e+02 -1.668280000000000030e+01
1.006300000000000000e+07 4.005799999999999841e+02 -2.491799999999999926e+01
1.012500000000000000e+07 3.991999999999999886e+02 -3.267199999999999704e+01
1.018800000000000000e+07 3.987200000000000273e+02 -3.986200000000000188e+01
1.025000000000000000e+07 3.996999999999999886e+02 -4.673199999999999932e+01
1.031300000000000000e+07 4.026399999999999864e+02 -5.396999999999999886e+01
1.037500000000000000e+07 4.077400000000000091e+02 -6.267199999999999704e+01
1.043800000000000000e+07 4.145799999999999841e+02 -7.415999999999999659e+01
1.050000000000000000e+07 4.220799999999999841e+02 -8.965399999999999636e+01
1.056300000000000000e+07 4.283600000000000136e+02 -1.097920000000000016e+02
1.062500000000000000e+07 4.312799999999999727e+02 -1.341639999999999873e+02
1.068800000000000000e+07 4.291200000000000045e+02 -1.612479999999999905e+02
1.075000000000000000e+07 4.212200000000000273e+02 -1.889099999999999966e+02
1.081300000000000000e+07 4.080400000000000205e+02 -2.151999999999999886e+02
1.087500000000000000e+07 3.906000000000000227e+02 -2.388400000000000034e+02
1.093800000000000000e+07 3.700199999999999818e+02 -2.591800000000000068e+02
1.100000000000000000e+07 3.472400000000000091e+02 -2.759599999999999795e+02
1.106300000000000000e+07 3.231600000000000250e+02 -2.889800000000000182e+02
1.112500000000000000e+07 2.986600000000000250e+02 -2.982400000000000091e+02
1.118800000000000000e+07 2.747599999999999909e+02 -3.040000000000000000e+02
1.125000000000000000e+07 2.523000000000000114e+02 -3.070000000000000000e+02
1.131300000000000000e+07 2.316200000000000045e+02 -3.082799999999999727e+02
1.137500000000000000e+07 2.124199999999999875e+02 -3.088600000000000136e+02
1.143800000000000000e+07 1.938360000000000127e+02 -3.093199999999999932e+02
1.150000000000000000e+07 1.749159999999999968e+02 -3.094599999999999795e+02
1.156300000000000000e+07 1.550519999999999925e+02 -3.083799999999999955e+02
1.162500000000000000e+07 1.344519999999999982e+02 -3.048199999999999932e+02
1.168800000000000000e+07 1.142920000000000016e+02 -2.978000000000000114e+02
1.175000000000000000e+07 9.636400000000000432e+01 -2.873000000000000114e+02
1.181300000000000000e+07 8.226600000000000534e+01 -2.745000000000000000e+02
1.187500000000000000e+07 7.256999999999999318e+01 -2.613999999999999773e+02
1.193800000000000000e+07 6.656999999999999318e+01 -2.499199999999999875e+02
1.200000000000000000e+07 6.271399999999999864e+01 -2.411399999999999864e+02
1.206300000000000000e+07 5.928600000000000136e+01 -2.351200000000000045e+02
1.212500000000000000e+07 5.496600000000000108e+01 -2.310600000000000023e+02
1.218800000000000000e+07 4.914999999999999858e+01 -2.276800000000000068e+02
1.225000000000000000e+07 4.203600000000000136e+01 -2.237400000000000091e+02
1.231300000000000000e+07 3.450600000000000023e+01 -2.183400000000000034e+02
1.237500000000000000e+07 2.772599999999999909e+01 -2.114000000000000057e+02
1.243800000000000000e+07 2.260800000000000054e+01 -2.035800000000000125e+02
1.250000000000000000e+07 1.938719999999999999e+01 -1.959240000000000066e+02
1.256300000000000000e+07 1.757000000000000028e+01 -1.893300000000000125e+02
1.262500000000000000e+07 1.627680000000000149e+01 -1.841040000000000134e+02
1.268800000000000000e+07 1.472380000000000067e+01 -1.799300000000000068e+02
1.275000000000000000e+07 1.257419999999999938e+01 -1.761339999999999861e+02
1.281300000000000000e+07 1.002219999999999978e+01 -1.720620000000000118e+02
1.287500000000000000e+07 7.618400000000000283e+00 -1.674139999999999873e+02
1.293800000000000000e+07 5.941600000000000215e+00 -1.623640000000000043e+02
1.300000000000000000e+07 5.283000000000000362e+00 -1.574499999999999886e+02
1.306300000000000000e+07 5.478600000000000136e+00 -1.532980000000000018e+02
1.312500000000000000e+07 5.956800000000000317e+00 -1.503000000000000114e+02
1.318800000000000000e+07 5.971599999999999575e+00 -1.483940000000000055e+02
1.325000000000000000e+07 4.935800000000000409e+00 -1.470260000000000105e+02
1.331300000000000000e+07 2.727799999999999780e+00 -1.453420000000000130e+02
1.337500000000000000e+07 -1.868539999999999923e-01 -1.425600000000000023e+02
1.343800000000000000e+07 -2.930200000000000138e+00 -1.383660000000000139e+02
1.350000000000000000e+07 -4.617600000000000371e+00 -1.330680000000000121e+02
1.356300000000000000e+07 -4.758000000000000007e+00 -1.274339999999999975e+02
1.362500000000000000e+07 -3.419599999999999973e+00 -1.223340000000000032e+02
1.368800000000000000e+07 -1.124919999999999920e+00 -1.183960000000000008e+02
1.375000000000000000e+07 1.403860000000000108e+00 -1.158239999999999981e+02
1.381300000000000000e+07 3.510600000000000165e+00 -1.144200000000000017e+02
1.387500000000000000e+07 4.796800000000000175e+00 -1.137120000000000033e+02
1.393800000000000000e+07 5.197600000000000442e+00 -1.131580000000000013e+02
1.400000000000000000e+07 4.929400000000000226e+00 -1.123460000000000036e+02
1.406300000000000000e+07 4.332200000000000273e+00 -1.111080000000000041e+02
1.412500000000000000e+07 3.686399999999999899e+00 -1.095040000000000049e+02
1.418800000000000000e+07 3.096600000000000019e+00 -1.077019999999999982e+02
1.425000000000000000e+07 2.506800000000000139e+00 -1.057999999999999972e+02
1.431300000000000000e+07 1.831639999999999935e+00 -1.037399999999999949e+02
1.437500000000000000e+07 1.114360000000000017e+00 -1.013499999999999943e+02
1.443800000000000000e+07 5.922199999999999687e-01 -9.850799999999999557e+01
1.450000000000000000e+07 6.067799999999999860e-01 -9.530200000000000671e+01
1.456300000000000000e+07 1.417980000000000018e+00 -9.206999999999999318e+01
1.462500000000000000e+07 3.043600000000000083e+00 -8.929399999999999693e+01
1.468800000000000000e+07 5.202399999999999913e+00 -8.743800000000000239e+01
1.475000000000000000e+07 7.359399999999999942e+00 -8.676800000000000068e+01
1.481300000000000000e+07 8.847200000000000841e+00 -8.722400000000000375e+01
1.487500000000000000e+07 9.063000000000000611e+00 -8.833799999999999386e+01
1.493800000000000000e+07 7.743999999999999773e+00 -8.927400000000000091e+01
1.500000000000000000e+07 5.224199999999999733e+00 -8.910200000000000387e+01
1.506300000000000000e+07 2.431400000000000006e+00 -8.726800000000000068e+01
1.512500000000000000e+07 4.748399999999999843e-01 -8.396399999999999864e+01
1.518800000000000000e+07 5.643399999999999805e-02 -8.004800000000000182e+01
1.525000000000000000e+07 1.167580000000000062e+00 -7.656600000000000250e+01
1.531300000000000000e+07 3.217200000000000060e+00 -7.426600000000000534e+01
1.537500000000000000e+07 5.368800000000000239e+00 -7.339199999999999591e+01
1.543800000000000000e+07 6.851200000000000401e+00 -7.369599999999999795e+01
1.550000000000000000e+07 7.180200000000000138e+00 -7.457200000000000273e+01
1.556300000000000000e+07 6.300600000000000200e+00 -7.525600000000000023e+01
1.562500000000000000e+07 4.617600000000000371e+00 -7.509799999999999898e+01
1.568800000000000000e+07 2.853400000000000158e+00 -7.383199999999999363e+01
1.575000000000000000e+07 1.722460000000000102e+00 -7.172400000000000375e+01
1.581300000000000000e+07 1.579520000000000035e+00 -6.941800000000000637e+01
1.587500000000000000e+07 2.255799999999999805e+00 -6.761199999999999477e+01
1.593800000000000000e+07 3.179600000000000204e+00 -6.668600000000000705e+01
1.600000000000000000e+07 3.690199999999999925e+00 -6.653400000000000603e+01
1.606299999999999814e+07 3.371199999999999974e+00 -6.664199999999999591e+01
1.612500000000000000e+07 2.253400000000000070e+00 -6.633799999999999386e+01
1.618799999999999814e+07 8.068800000000000416e-01 -6.512800000000000011e+01
1.625000000000000000e+07 -2.722600000000000020e-01 -6.292799999999999727e+01
1.631299999999999814e+07 -3.780000000000000027e-01 -6.011800000000000210e+01
1.637500000000000000e+07 7.409400000000000430e-01 -5.738000000000000256e+01
1.643799999999999814e+07 2.876999999999999780e+00 -5.542000000000000171e+01
1.650000000000000000e+07 5.441600000000000215e+00 -5.469400000000000261e+01
1.656299999999999814e+07 7.677599999999999980e+00 -5.524000000000000199e+01
1.662500000000000000e+07 8.933999999999999275e+00 -5.664200000000000301e+01
1.668799999999999814e+07 8.919800000000000395e+00 -5.816799999999999926e+01
1.675000000000000000e+07 7.834600000000000009e+00 -5.904999999999999716e+01
1.681300000000000000e+07 6.301400000000000112e+00 -5.879399999999999693e+01
1.687500000000000000e+07 5.105800000000000338e+00 -5.739399999999999835e+01
1.693800000000000000e+07 4.853399999999999714e+00 -5.531600000000000250e+01
1.700000000000000000e+07 5.718200000000000394e+00 -5.328000000000000114e+01
1.706300000000000000e+07 7.401799999999999713e+00 -5.192000000000000171e+01
1.712500000000000000e+07 9.310000000000000497e+00 -5.153399999999999892e+01
1.718800000000000000e+07 1.083699999999999974e+01 -5.199600000000000222e+01
1.725000000000000000e+07 1.160420000000000051e+01 -5.288000000000000256e+01
1.731300000000000000e+07 1.155680000000000085e+01 -5.366599999999999682e+01
1.737500000000000000e+07 1.092159999999999975e+01 -5.392399999999999949e+01
1.743800000000000000e+07 1.009360000000000035e+01 -5.342999999999999972e+01
1.750000000000000000e+07 9.511200000000000543e+00 -5.219800000000000040e+01
1.756300000000000000e+07 9.540200000000000458e+00 -5.046399999999999864e+01
1.762500000000000000e+07 1.036660000000000004e+01 -4.863400000000000034e+01
1.768800000000000000e+07 1.191840000000000011e+01 -4.714999999999999858e+01
1.775000000000000000e+07 1.388499999999999979e+01 -4.632999999999999829e+01
1.781300000000000000e+07 1.585500000000000043e+01 -4.624600000000000222e+01
1.787500000000000000e+07 1.748819999999999908e+01 -4.674799999999999756e+01
1.793800000000000000e+07 1.860279999999999845e+01 -4.756799999999999784e+01
1.800000000000000000e+07 1.916000000000000014e+01 -4.843399999999999750e+01
1.806300000000000000e+07 1.922220000000000084e+01 -4.909599999999999653e+01
1.812500000000000000e+07 1.894219999999999970e+01 -4.933200000000000074e+01
1.818800000000000000e+07 1.858320000000000149e+01 -4.897999999999999687e+01
1.825000000000000000e+07 1.851719999999999899e+01 -4.800800000000000267e+01
1.831300000000000000e+07 1.915080000000000027e+01 -4.660999999999999943e+01
1.837500000000000000e+07 2.077199999999999847e+01 -4.523400000000000176e+01
1.843800000000000000e+07 2.339600000000000080e+01 -4.447999999999999687e+01
1.850000000000000000e+07 2.668599999999999994e+01 -4.494599999999999795e+01
1.856300000000000000e+07 2.998199999999999932e+01 -4.702000000000000313e+01
1.862500000000000000e+07 3.240599999999999881e+01 -5.071000000000000085e+01
1.868800000000000000e+07 3.308400000000000318e+01 -5.549000000000000199e+01
1.875000000000000000e+07 3.152199999999999847e+01 -6.028199999999999648e+01
1.881300000000000000e+07 2.801200000000000045e+01 -6.377600000000000335e+01
1.887500000000000000e+07 2.369800000000000040e+01 -6.507999999999999829e+01
1.893800000000000000e+07 2.004200000000000159e+01 -6.425400000000000489e+01
1.900000000000000000e+07 1.809959999999999880e+01 -6.222599999999999909e+01
1.906300000000000000e+07 1.814580000000000126e+01 -6.026800000000000068e+01
1.912500000000000000e+07 1.975499999999999901e+01 -5.951200000000000045e+01
1.918800000000000000e+07 2.201800000000000068e+01 -6.070799999999999841e+01
1.925000000000000000e+07 2.371600000000000108e+01 -6.407999999999999829e+01
1.931300000000000000e+07 2.354799999999999827e+01 -6.914199999999999591e+01
1.937500000000000000e+07 2.060600000000000165e+01 -7.456000000000000227e+01
1.943800000000000000e+07 1.504959999999999987e+01 -7.850799999999999557e+01
1.950000000000000000e+07 8.337600000000000122e+00 -7.965399999999999636e+01
1.956300000000000000e+07 2.440599999999999881e+00 -7.804999999999999716e+01
1.962500000000000000e+07 -1.346160000000000023e+00 -7.498000000000000398e+01
1.968800000000000000e+07 -2.886000000000000121e+00 -7.204200000000000159e+01
1.975000000000000000e+07 -2.912599999999999856e+00 -7.042199999999999704e+01
1.981300000000000000e+07 -2.565599999999999881e+00 -7.065200000000000102e+01
1.987500000000000000e+07 -3.050600000000000200e+00 -7.260200000000000387e+01
1.993800000000000000e+07 -5.350799999999999557e+00 -7.550000000000000000e+01
2.000000000000000000e+07 -9.878800000000000026e+00 -7.807399999999999807e+01
2.006300000000000000e+07 -1.618420000000000059e+01 -7.896399999999999864e+01
2.012500000000000000e+07 -2.303200000000000003e+01 -7.734799999999999898e+01
2.018800000000000000e+07 -2.896399999999999864e+01 -7.335399999999999920e+01
2.025000000000000000e+07 -3.298400000000000176e+01 -6.791599999999999682e+01
2.031300000000000000e+07 -3.487599999999999767e+01 -6.223400000000000176e+01
2.037500000000000000e+07 -3.508400000000000318e+01 -5.727400000000000091e+01
2.043800000000000000e+07 -3.440200000000000102e+01 -5.350200000000000244e+01
2.050000000000000000e+07 -3.361599999999999966e+01 -5.085399999999999920e+01
2.056300000000000000e+07 -3.321999999999999886e+01 -4.888600000000000279e+01
2.062500000000000000e+07 -3.328799999999999670e+01 -4.706199999999999761e+01
2.068800000000000000e+07 -3.358200000000000074e+01 -4.503399999999999892e+01
2.075000000000000000e+07 -3.378000000000000114e+01 -4.274199999999999733e+01
2.081300000000000000e+07 -3.367600000000000193e+01 -4.034400000000000119e+01
2.087500000000000000e+07 -3.325200000000000244e+01 -3.806600000000000250e+01
2.093800000000000000e+07 -3.265599999999999881e+01 -3.607999999999999829e+01
2.100000000000000000e+07 -3.213799999999999812e+01 -3.440200000000000102e+01
2.106300000000000000e+07 -3.192399999999999949e+01 -3.285999999999999943e+01
2.112500000000000000e+07 -3.207600000000000051e+01 -3.112600000000000122e+01
2.118800000000000000e+07 -3.239399999999999835e+01 -2.887800000000000011e+01
2.125000000000000000e+07 -3.248199999999999932e+01 -2.600400000000000134e+01
2.131300000000000000e+07 -3.196999999999999886e+01 -2.267999999999999972e+01
2.137500000000000000e+07 -3.067999999999999972e+01 -1.925379999999999825e+01
2.143800000000000000e+07 -2.865399999999999991e+01 -1.608020000000000138e+01
2.150000000000000000e+07 -2.608800000000000097e+01 -1.342019999999999946e+01
2.156300000000000000e+07 -2.325600000000000023e+01 -1.140380000000000038e+01
2.162500000000000000e+07 -2.045400000000000063e+01 -1.001559999999999917e+01
2.168800000000000000e+07 -1.792200000000000060e+01 -9.098200000000000287e+00
2.175000000000000000e+07 -1.577420000000000044e+01 -8.395400000000000418e+00
2.181300000000000000e+07 -1.395880000000000010e+01 -7.644999999999999574e+00
2.187500000000000000e+07 -1.229219999999999935e+01 -6.676000000000000156e+00
2.193800000000000000e+07 -1.054240000000000066e+01 -5.457200000000000273e+00
2.200000000000000000e+07 -8.508399999999999963e+00 -4.084200000000000053e+00
2.206300000000000000e+07 -6.068399999999999572e+00 -2.737600000000000033e+00
2.212500000000000000e+07 -3.203399999999999803e+00 -1.637080000000000091e+00
2.218800000000000000e+07 -7.600000000000000418e-04 -9.904600000000000071e-01
2.225000000000000000e+07 3.362999999999999989e+00 -9.430399999999999894e-01
2.231300000000000000e+07 6.672399999999999665e+00 -1.543160000000000087e+00
2.237500000000000000e+07 9.731400000000000716e+00 -2.751999999999999780e+00
2.243800000000000000e+07 1.238860000000000028e+01 -4.488800000000000345e+00
2.250000000000000000e+07 1.451399999999999935e+01 -6.663999999999999702e+00
2.256300000000000000e+07 1.596260000000000012e+01 -9.166000000000000369e+00
2.262500000000000000e+07 1.657219999999999871e+01 -1.180599999999999916e+01
2.268800000000000000e+07 1.623000000000000043e+01 -1.426440000000000019e+01
2.275000000000000000e+07 1.499080000000000013e+01 -1.610920000000000130e+01
2.281300000000000000e+07 1.317159999999999975e+01 -1.692480000000000118e+01
2.287500000000000000e+07 1.131760000000000055e+01 -1.650199999999999889e+01
2.293800000000000000e+07 1.002679999999999971e+01 -1.495539999999999914e+01
2.300000000000000000e+07 9.751400000000000290e+00 -1.268280000000000030e+01
2.306300000000000000e+07 1.068960000000000043e+01 -1.022739999999999938e+01
2.312500000000000000e+07 1.277800000000000047e+01 -8.137999999999999901e+00
2.318800000000000000e+07 1.572819999999999929e+01 -6.869200000000000195e+00
2.325000000000000000e+07 1.908399999999999963e+01 -6.695000000000000284e+00
2.331300000000000000e+07 2.232199999999999918e+01 -7.639400000000000190e+00
2.337500000000000000e+07 2.500000000000000000e+01 -9.474800000000000111e+00
2.343800000000000000e+07 2.687999999999999901e+01 -1.181920000000000037e+01
2.350000000000000000e+07 2.794399999999999906e+01 -1.429160000000000075e+01
2.356300000000000000e+07 2.832400000000000162e+01 -1.662059999999999960e+01
2.362500000000000000e+07 2.819000000000000128e+01 -1.866219999999999857e+01
2.368800000000000000e+07 2.767599999999999838e+01 -2.034799999999999898e+01
2.375000000000000000e+07 2.689000000000000057e+01 -2.162000000000000099e+01
2.381300000000000000e+07 2.596399999999999864e+01 -2.241000000000000014e+01
2.387500000000000000e+07 2.509799999999999898e+01 -2.268799999999999883e+01
2.393800000000000000e+07 2.452400000000000091e+01 -2.255600000000000094e+01
2.400000000000000000e+07 2.438599999999999923e+01 -2.224599999999999866e+01
2.406300000000000000e+07 2.466199999999999903e+01 -2.203800000000000026e+01
2.412500000000000000e+07 2.519000000000000128e+01 -2.213800000000000168e+01
2.418800000000000000e+07 2.574800000000000111e+01 -2.264399999999999835e+01
2.425000000000000000e+07 2.608399999999999963e+01 -2.355799999999999983e+01
2.431300000000000000e+07 2.594399999999999906e+01 -2.476200000000000045e+01
2.437500000000000000e+07 2.511400000000000077e+01 -2.598600000000000065e+01
2.443800000000000000e+07 2.355999999999999872e+01 -2.680799999999999983e+01
2.450000000000000000e+07 2.154400000000000048e+01 -2.680000000000000071e+01
2.456300000000000000e+07 1.959039999999999893e+01 -2.578399999999999892e+01
2.462500000000000000e+07 1.821020000000000039e+01 -2.395599999999999952e+01
2.468800000000000000e+07 1.766240000000000165e+01 -2.172800000000000153e+01
2.475000000000000000e+07 1.795939999999999870e+01 -1.949099999999999966e+01
2.481300000000000000e+07 1.900580000000000069e+01 -1.753519999999999968e+01
2.487500000000000000e+07 2.068199999999999861e+01 -1.610699999999999932e+01
2.493800000000000000e+07 2.280199999999999960e+01 -1.547979999999999912e+01
